G3dErrFileVersion 2018P3.1
FlagFileMetaData Begin
   Mesh Size - Setup1, Refinement, Pass #1, Freq. 2.450000e+09 :Title    
   Listing of mesh elements with small segments. :ToolTip  
   hf3d :Author   
   1668856598 :TimeStamp
FlagFileMetaData End
BEGIN_ERR 
26 Small mesh segment detected on body : substrate
 Small mesh segment detected on body : substrate 
 Segment Statistics - Number of Segments : 1 --- Segment length(s) : 23.311160mm. The cutoff frequency for S-Matrix Only Solve is 2.99792458MHz 
3 -1  8  61  # nfids, fids[]
2 6  -1  # nbids, bids[]
      6 4 1 0 #ntets ntri ned npts
           0.0000000000000000e+00  -5.0000000000000000e+01   0.0000000000000000e+00 #xyz tv0
           1.3097516717803828e+01  -3.7000330922877993e+01  -1.2700000000000000e+00 #xyz tv1
          -1.0207188865561561e+01  -3.6451821640864850e+01  -1.2700000000000000e+00 #xyz tv2
           0.0000000000000000e+00  -5.0000000000000000e+01  -1.2700000000000000e+00 -1 6 #xyz tv3 fid bid
          -1.0207188865561561e+01  -3.6451821640864850e+01  -1.2700000000000000e+00 #xyz tv0
           1.3097516717803828e+01  -3.7000330922877993e+01  -1.2700000000000000e+00 #xyz tv1
          -2.0370370370370358e-01  -5.5000000000000000e+01  -1.2819458270883178e+01 #xyz tv2
           0.0000000000000000e+00  -5.0000000000000000e+01  -1.2700000000000000e+00 -1 6 #xyz tv3 fid bid
           0.0000000000000000e+00  -5.0000000000000000e+01   0.0000000000000000e+00 #xyz tv0
          -1.0207188865561561e+01  -3.6451821640864850e+01  -1.2700000000000000e+00 #xyz tv1
           1.3097516717803828e+01  -3.7000330922877993e+01  -1.2700000000000000e+00 #xyz tv2
           1.2100000000000000e+01  -3.5170000000000002e+01   0.0000000000000000e+00 -1 6 #xyz tv3 fid bid
          -1.0207188865561561e+01  -3.6451821640864850e+01  -1.2700000000000000e+00 #xyz tv0
          -2.0370370370370358e-01  -5.5000000000000000e+01  -1.2819458270883178e+01 #xyz tv1
           1.3097516717803828e+01  -3.7000330922877993e+01  -1.2700000000000000e+00 #xyz tv2
           0.0000000000000000e+00   7.1054273576010019e-15  -1.9087499999999999e+01 -1 6 #xyz tv3 fid bid
           1.3097516717803828e+01  -3.7000330922877993e+01  -1.2700000000000000e+00 #xyz tv0
          -1.0207188865561561e+01  -3.6451821640864850e+01  -1.2700000000000000e+00 #xyz tv1
           0.0000000000000000e+00   7.1054273576010019e-15  -1.9087499999999999e+01 #xyz tv2
           7.2608459015121820e+00  -2.3376690182245738e+01  -1.2700000000000000e+00 -1 6 #xyz tv3 fid bid
           1.3097516717803828e+01  -3.7000330922877993e+01  -1.2700000000000000e+00 #xyz tv0
           1.2100000000000000e+01  -3.5170000000000002e+01   0.0000000000000000e+00 #xyz tv1
          -1.0207188865561561e+01  -3.6451821640864850e+01  -1.2700000000000000e+00 #xyz tv2
           7.2608459015121820e+00  -2.3376690182245738e+01  -1.2700000000000000e+00 -1 6 #xyz tv3 fid bid
          -1.0207188865561561e+01  -3.6451821640864850e+01  -1.2700000000000000e+00 #xyz tv0
           1.3097516717803828e+01  -3.7000330922877993e+01  -1.2700000000000000e+00 #xyz tv1
           0.0000000000000000e+00  -5.0000000000000000e+01  -1.2700000000000000e+00 8 -1 #xyz tv2 fid bid
          -1.0207188865561561e+01  -3.6451821640864850e+01  -1.2700000000000000e+00 #xyz tv0
           1.3097516717803828e+01  -3.7000330922877993e+01  -1.2700000000000000e+00 #xyz tv1
           0.0000000000000000e+00  -5.0000000000000000e+01  -1.2700000000000000e+00 61 -1 #xyz tv2 fid bid
           1.3097516717803828e+01  -3.7000330922877993e+01  -1.2700000000000000e+00 #xyz tv0
          -1.0207188865561561e+01  -3.6451821640864850e+01  -1.2700000000000000e+00 #xyz tv1
           7.2608459015121820e+00  -2.3376690182245738e+01  -1.2700000000000000e+00 8 -1 #xyz tv2 fid bid
           1.3097516717803828e+01  -3.7000330922877993e+01  -1.2700000000000000e+00 #xyz tv0
          -1.0207188865561561e+01  -3.6451821640864850e+01  -1.2700000000000000e+00 #xyz tv1
           7.2608459015121820e+00  -2.3376690182245738e+01  -1.2700000000000000e+00 61 -1 #xyz tv2 fid bid
          -1.0207188865561561e+01  -3.6451821640864850e+01  -1.2700000000000000e+00 #xyz ev0
           1.3097516717803828e+01  -3.7000330922877993e+01  -1.2700000000000000e+00 -1 6 #xyz ev1 fid bid
   0   0.000000000000e+00   0.000000000000e+00   0.000000000000e+00 #flag location
END_ERR 
G3dErrFileVersion 2018P3.1
FlagFileMetaData Begin
   Mesh Size - Setup1, Refinement, Pass #2, Freq. 2.450000e+09 :Title    
   Listing of mesh elements with small segments. :ToolTip  
   hf3d :Author   
   1668856599 :TimeStamp
FlagFileMetaData End
BEGIN_ERR 
26 Small mesh segment detected on body : substrate
 Small mesh segment detected on body : substrate 
 Segment Statistics - Number of Segments : 1 --- Segment length(s) : 21.039120mm. The cutoff frequency for S-Matrix Only Solve is 2.99792458MHz 
3 -1  8  61  # nfids, fids[]
2 6  -1  # nbids, bids[]
      5 4 1 0 #ntets ntri ned npts
          -3.3697642776788811e+01   5.5522053030429834e+00  -1.2700000000000000e+00 #xyz tv0
          -2.4199999999999999e+01   2.0340000000000000e+01  -0.0000000000000000e+00 #xyz tv1
          -3.1498464537472515e+01   2.6476072081781968e+01  -1.2700000000000000e+00 #xyz tv2
          -2.3756993180634300e+01   1.7693301762939932e+01  -1.2700000000000000e+00 -1 6 #xyz tv3 fid bid
          -2.3756993180634300e+01   1.7693301762939932e+01  -1.2700000000000000e+00 #xyz tv0
          -3.3697642776788811e+01   5.5522053030429834e+00  -1.2700000000000000e+00 #xyz tv1
          -3.3728405776754478e+01   5.2468406772860243e-01  -1.0337834821428572e+01 #xyz tv2
          -3.1498464537472515e+01   2.6476072081781968e+01  -1.2700000000000000e+00 -1 6 #xyz tv3 fid bid
          -3.3697642776788811e+01   5.5522053030429834e+00  -1.2700000000000000e+00 #xyz tv0
          -3.1498464537472515e+01   2.6476072081781968e+01  -1.2700000000000000e+00 #xyz tv1
          -2.4199999999999999e+01   2.0340000000000000e+01  -0.0000000000000000e+00 #xyz tv2
          -3.7100000000000001e+01   1.0170000000000000e+01   0.0000000000000000e+00 -1 6 #xyz tv3 fid bid
          -5.0000000000000000e+01   2.5000000000000000e+01  -1.2700000000000000e+00 #xyz tv0
          -3.3728405776754478e+01   5.2468406772860243e-01  -1.0337834821428572e+01 #xyz tv1
          -3.3697642776788811e+01   5.5522053030429834e+00  -1.2700000000000000e+00 #xyz tv2
          -3.1498464537472515e+01   2.6476072081781968e+01  -1.2700000000000000e+00 -1 6 #xyz tv3 fid bid
          -3.7100000000000001e+01   1.0170000000000000e+01   0.0000000000000000e+00 #xyz tv0
          -3.3697642776788811e+01   5.5522053030429834e+00  -1.2700000000000000e+00 #xyz tv1
          -3.1498464537472515e+01   2.6476072081781968e+01  -1.2700000000000000e+00 #xyz tv2
          -5.0000000000000000e+01   2.5000000000000000e+01  -1.2700000000000000e+00 -1 6 #xyz tv3 fid bid
          -3.3697642776788811e+01   5.5522053030429834e+00  -1.2700000000000000e+00 #xyz tv0
          -5.0000000000000000e+01   2.5000000000000000e+01  -1.2700000000000000e+00 #xyz tv1
          -3.1498464537472515e+01   2.6476072081781968e+01  -1.2700000000000000e+00 8 -1 #xyz tv2 fid bid
          -3.3697642776788811e+01   5.5522053030429834e+00  -1.2700000000000000e+00 #xyz tv0
          -5.0000000000000000e+01   2.5000000000000000e+01  -1.2700000000000000e+00 #xyz tv1
          -3.1498464537472515e+01   2.6476072081781968e+01  -1.2700000000000000e+00 61 -1 #xyz tv2 fid bid
          -3.1498464537472515e+01   2.6476072081781968e+01  -1.2700000000000000e+00 #xyz tv0
          -2.3756993180634300e+01   1.7693301762939932e+01  -1.2700000000000000e+00 #xyz tv1
          -3.3697642776788811e+01   5.5522053030429834e+00  -1.2700000000000000e+00 8 -1 #xyz tv2 fid bid
          -3.1498464537472515e+01   2.6476072081781968e+01  -1.2700000000000000e+00 #xyz tv0
          -2.3756993180634300e+01   1.7693301762939932e+01  -1.2700000000000000e+00 #xyz tv1
          -3.3697642776788811e+01   5.5522053030429834e+00  -1.2700000000000000e+00 61 -1 #xyz tv2 fid bid
          -3.1498464537472515e+01   2.6476072081781968e+01  -1.2700000000000000e+00 #xyz ev0
          -3.3697642776788811e+01   5.5522053030429834e+00  -1.2700000000000000e+00 -1 6 #xyz ev1 fid bid
   0   0.000000000000e+00   0.000000000000e+00   0.000000000000e+00 #flag location
END_ERR 
G3dErrFileVersion 2018P3.1
FlagFileMetaData Begin
   Mesh Size - Setup1, Refinement, Pass #3, Freq. 2.450000e+09 :Title    
   Listing of mesh elements with small segments. :ToolTip  
   hf3d :Author   
   1668856600 :TimeStamp
FlagFileMetaData End
BEGIN_ERR 
26 Small mesh segment detected on body : substrate
 Small mesh segment detected on body : substrate 
 Segment Statistics - Number of Segments : 1 --- Segment length(s) : 23.311160mm. The cutoff frequency for S-Matrix Only Solve is 2.99792458MHz 
3 -1  8  61  # nfids, fids[]
2 6  -1  # nbids, bids[]
      6 4 1 0 #ntets ntri ned npts
           0.0000000000000000e+00  -5.0000000000000000e+01   0.0000000000000000e+00 #xyz tv0
           1.3097516717803829e+01  -3.7000330922877993e+01  -1.2700000000000000e+00 #xyz tv1
          -1.0207188865561561e+01  -3.6451821640864850e+01  -1.2700000000000000e+00 #xyz tv2
           0.0000000000000000e+00  -5.0000000000000000e+01  -1.2700000000000000e+00 -1 6 #xyz tv3 fid bid
          -1.0207188865561561e+01  -3.6451821640864850e+01  -1.2700000000000000e+00 #xyz tv0
           1.3097516717803829e+01  -3.7000330922877993e+01  -1.2700000000000000e+00 #xyz tv1
          -2.0370370370370358e-01  -5.5000000000000000e+01  -1.2819458270883178e+01 #xyz tv2
           0.0000000000000000e+00  -5.0000000000000000e+01  -1.2700000000000000e+00 -1 6 #xyz tv3 fid bid
           0.0000000000000000e+00  -5.0000000000000000e+01   0.0000000000000000e+00 #xyz tv0
          -1.0207188865561561e+01  -3.6451821640864850e+01  -1.2700000000000000e+00 #xyz tv1
           1.3097516717803829e+01  -3.7000330922877993e+01  -1.2700000000000000e+00 #xyz tv2
           1.2069417989417989e+01  -3.4502243386243393e+01   0.0000000000000000e+00 -1 6 #xyz tv3 fid bid
          -1.0207188865561561e+01  -3.6451821640864850e+01  -1.2700000000000000e+00 #xyz tv0
          -2.0370370370370358e-01  -5.5000000000000000e+01  -1.2819458270883178e+01 #xyz tv1
           1.3097516717803829e+01  -3.7000330922877993e+01  -1.2700000000000000e+00 #xyz tv2
           0.0000000000000000e+00   7.1054273576010019e-15  -1.9087499999999999e+01 -1 6 #xyz tv3 fid bid
           1.3097516717803829e+01  -3.7000330922877993e+01  -1.2700000000000000e+00 #xyz tv0
          -1.0207188865561561e+01  -3.6451821640864850e+01  -1.2700000000000000e+00 #xyz tv1
           0.0000000000000000e+00   7.1054273576010019e-15  -1.9087499999999999e+01 #xyz tv2
           5.9946202043348311e+00  -2.3242670379225864e+01  -1.2700000000000000e+00 -1 6 #xyz tv3 fid bid
           1.3097516717803829e+01  -3.7000330922877993e+01  -1.2700000000000000e+00 #xyz tv0
           1.2069417989417989e+01  -3.4502243386243393e+01   0.0000000000000000e+00 #xyz tv1
          -1.0207188865561561e+01  -3.6451821640864850e+01  -1.2700000000000000e+00 #xyz tv2
           5.9946202043348311e+00  -2.3242670379225864e+01  -1.2700000000000000e+00 -1 6 #xyz tv3 fid bid
          -1.0207188865561561e+01  -3.6451821640864850e+01  -1.2700000000000000e+00 #xyz tv0
           1.3097516717803829e+01  -3.7000330922877993e+01  -1.2700000000000000e+00 #xyz tv1
           0.0000000000000000e+00  -5.0000000000000000e+01  -1.2700000000000000e+00 8 -1 #xyz tv2 fid bid
          -1.0207188865561561e+01  -3.6451821640864850e+01  -1.2700000000000000e+00 #xyz tv0
           1.3097516717803829e+01  -3.7000330922877993e+01  -1.2700000000000000e+00 #xyz tv1
           0.0000000000000000e+00  -5.0000000000000000e+01  -1.2700000000000000e+00 61 -1 #xyz tv2 fid bid
           1.3097516717803829e+01  -3.7000330922877993e+01  -1.2700000000000000e+00 #xyz tv0
          -1.0207188865561561e+01  -3.6451821640864850e+01  -1.2700000000000000e+00 #xyz tv1
           5.9946202043348311e+00  -2.3242670379225864e+01  -1.2700000000000000e+00 8 -1 #xyz tv2 fid bid
           1.3097516717803829e+01  -3.7000330922877993e+01  -1.2700000000000000e+00 #xyz tv0
          -1.0207188865561561e+01  -3.6451821640864850e+01  -1.2700000000000000e+00 #xyz tv1
           5.9946202043348311e+00  -2.3242670379225864e+01  -1.2700000000000000e+00 61 -1 #xyz tv2 fid bid
          -1.0207188865561561e+01  -3.6451821640864850e+01  -1.2700000000000000e+00 #xyz ev0
           1.3097516717803829e+01  -3.7000330922877993e+01  -1.2700000000000000e+00 -1 6 #xyz ev1 fid bid
   0   0.000000000000e+00   0.000000000000e+00   0.000000000000e+00 #flag location
END_ERR 
G3dErrFileVersion 2018P3.1
FlagFileMetaData Begin
   Mesh Size - Setup1, Refinement, Pass #4, Freq. 2.450000e+09 :Title    
   Listing of mesh elements with small segments. :ToolTip  
   hf3d :Author   
   1668856600 :TimeStamp
FlagFileMetaData End
BEGIN_ERR 
26 Small mesh segment detected on body : substrate
 Small mesh segment detected on body : substrate 
 Segment Statistics - Number of Segments : 1 --- Segment length(s) : 23.311160mm. The cutoff frequency for S-Matrix Only Solve is 2.99792458MHz 
3 -1  8  61  # nfids, fids[]
2 6  -1  # nbids, bids[]
      6 4 1 0 #ntets ntri ned npts
           0.0000000000000000e+00  -5.0000000000000000e+01   0.0000000000000000e+00 #xyz tv0
           1.3097516717803829e+01  -3.7000330922877993e+01  -1.2700000000000000e+00 #xyz tv1
          -1.0207188865561561e+01  -3.6451821640864850e+01  -1.2700000000000000e+00 #xyz tv2
           0.0000000000000000e+00  -5.0000000000000000e+01  -1.2700000000000000e+00 -1 6 #xyz tv3 fid bid
          -1.0207188865561561e+01  -3.6451821640864850e+01  -1.2700000000000000e+00 #xyz tv0
           1.3097516717803829e+01  -3.7000330922877993e+01  -1.2700000000000000e+00 #xyz tv1
          -2.0370370370370358e-01  -5.5000000000000000e+01  -1.2819458270883178e+01 #xyz tv2
           0.0000000000000000e+00  -5.0000000000000000e+01  -1.2700000000000000e+00 -1 6 #xyz tv3 fid bid
           0.0000000000000000e+00  -5.0000000000000000e+01   0.0000000000000000e+00 #xyz tv0
          -1.0207188865561561e+01  -3.6451821640864850e+01  -1.2700000000000000e+00 #xyz tv1
           1.3097516717803829e+01  -3.7000330922877993e+01  -1.2700000000000000e+00 #xyz tv2
           1.2069417989417989e+01  -3.4502243386243393e+01   0.0000000000000000e+00 -1 6 #xyz tv3 fid bid
          -1.0207188865561561e+01  -3.6451821640864850e+01  -1.2700000000000000e+00 #xyz tv0
          -2.0370370370370358e-01  -5.5000000000000000e+01  -1.2819458270883178e+01 #xyz tv1
           1.3097516717803829e+01  -3.7000330922877993e+01  -1.2700000000000000e+00 #xyz tv2
           0.0000000000000000e+00   7.1054273576010019e-15  -1.9087499999999999e+01 -1 6 #xyz tv3 fid bid
           1.3097516717803829e+01  -3.7000330922877993e+01  -1.2700000000000000e+00 #xyz tv0
          -1.0207188865561561e+01  -3.6451821640864850e+01  -1.2700000000000000e+00 #xyz tv1
           0.0000000000000000e+00   7.1054273576010019e-15  -1.9087499999999999e+01 #xyz tv2
           5.9946202043348311e+00  -2.3242670379225864e+01  -1.2700000000000000e+00 -1 6 #xyz tv3 fid bid
           1.3097516717803829e+01  -3.7000330922877993e+01  -1.2700000000000000e+00 #xyz tv0
           1.2069417989417989e+01  -3.4502243386243393e+01   0.0000000000000000e+00 #xyz tv1
          -1.0207188865561561e+01  -3.6451821640864850e+01  -1.2700000000000000e+00 #xyz tv2
           5.9946202043348311e+00  -2.3242670379225864e+01  -1.2700000000000000e+00 -1 6 #xyz tv3 fid bid
          -1.0207188865561561e+01  -3.6451821640864850e+01  -1.2700000000000000e+00 #xyz tv0
           1.3097516717803829e+01  -3.7000330922877993e+01  -1.2700000000000000e+00 #xyz tv1
           0.0000000000000000e+00  -5.0000000000000000e+01  -1.2700000000000000e+00 8 -1 #xyz tv2 fid bid
          -1.0207188865561561e+01  -3.6451821640864850e+01  -1.2700000000000000e+00 #xyz tv0
           1.3097516717803829e+01  -3.7000330922877993e+01  -1.2700000000000000e+00 #xyz tv1
           0.0000000000000000e+00  -5.0000000000000000e+01  -1.2700000000000000e+00 61 -1 #xyz tv2 fid bid
           1.3097516717803829e+01  -3.7000330922877993e+01  -1.2700000000000000e+00 #xyz tv0
          -1.0207188865561561e+01  -3.6451821640864850e+01  -1.2700000000000000e+00 #xyz tv1
           5.9946202043348311e+00  -2.3242670379225864e+01  -1.2700000000000000e+00 8 -1 #xyz tv2 fid bid
           1.3097516717803829e+01  -3.7000330922877993e+01  -1.2700000000000000e+00 #xyz tv0
          -1.0207188865561561e+01  -3.6451821640864850e+01  -1.2700000000000000e+00 #xyz tv1
           5.9946202043348311e+00  -2.3242670379225864e+01  -1.2700000000000000e+00 61 -1 #xyz tv2 fid bid
          -1.0207188865561561e+01  -3.6451821640864850e+01  -1.2700000000000000e+00 #xyz ev0
           1.3097516717803829e+01  -3.7000330922877993e+01  -1.2700000000000000e+00 -1 6 #xyz ev1 fid bid
   0   0.000000000000e+00   0.000000000000e+00   0.000000000000e+00 #flag location
END_ERR 
G3dErrFileVersion 2018P3.1
FlagFileMetaData Begin
   Mesh Size - Setup1, Refinement, Pass #5, Freq. 2.450000e+09 :Title    
   Listing of mesh elements with small segments. :ToolTip  
   hf3d :Author   
   1668856601 :TimeStamp
FlagFileMetaData End
BEGIN_ERR 
26 Small mesh segment detected on body : substrate
 Small mesh segment detected on body : substrate 
 Segment Statistics - Number of Segments : 1 --- Segment length(s) : 23.311160mm. The cutoff frequency for S-Matrix Only Solve is 2.99792458MHz 
3 -1  8  61  # nfids, fids[]
2 6  -1  # nbids, bids[]
      6 4 1 0 #ntets ntri ned npts
           0.0000000000000000e+00  -5.0000000000000000e+01   0.0000000000000000e+00 #xyz tv0
           1.3097516717803829e+01  -3.7000330922877993e+01  -1.2700000000000000e+00 #xyz tv1
          -1.0207188865561561e+01  -3.6451821640864850e+01  -1.2700000000000000e+00 #xyz tv2
           0.0000000000000000e+00  -5.0000000000000000e+01  -1.2700000000000000e+00 -1 6 #xyz tv3 fid bid
          -1.0207188865561561e+01  -3.6451821640864850e+01  -1.2700000000000000e+00 #xyz tv0
           1.3097516717803829e+01  -3.7000330922877993e+01  -1.2700000000000000e+00 #xyz tv1
          -2.0370370370370358e-01  -5.5000000000000000e+01  -1.2819458270883178e+01 #xyz tv2
           0.0000000000000000e+00  -5.0000000000000000e+01  -1.2700000000000000e+00 -1 6 #xyz tv3 fid bid
           0.0000000000000000e+00  -5.0000000000000000e+01   0.0000000000000000e+00 #xyz tv0
          -1.0207188865561561e+01  -3.6451821640864850e+01  -1.2700000000000000e+00 #xyz tv1
           1.3097516717803829e+01  -3.7000330922877993e+01  -1.2700000000000000e+00 #xyz tv2
           1.2069417989417989e+01  -3.4502243386243393e+01   0.0000000000000000e+00 -1 6 #xyz tv3 fid bid
          -1.0207188865561561e+01  -3.6451821640864850e+01  -1.2700000000000000e+00 #xyz tv0
          -2.0370370370370358e-01  -5.5000000000000000e+01  -1.2819458270883178e+01 #xyz tv1
           1.3097516717803829e+01  -3.7000330922877993e+01  -1.2700000000000000e+00 #xyz tv2
           0.0000000000000000e+00   7.1054273576010019e-15  -1.9087499999999999e+01 -1 6 #xyz tv3 fid bid
           1.3097516717803829e+01  -3.7000330922877993e+01  -1.2700000000000000e+00 #xyz tv0
          -1.0207188865561561e+01  -3.6451821640864850e+01  -1.2700000000000000e+00 #xyz tv1
           0.0000000000000000e+00   7.1054273576010019e-15  -1.9087499999999999e+01 #xyz tv2
           5.9946202043348311e+00  -2.3242670379225864e+01  -1.2700000000000000e+00 -1 6 #xyz tv3 fid bid
           1.3097516717803829e+01  -3.7000330922877993e+01  -1.2700000000000000e+00 #xyz tv0
           1.2069417989417989e+01  -3.4502243386243393e+01   0.0000000000000000e+00 #xyz tv1
          -1.0207188865561561e+01  -3.6451821640864850e+01  -1.2700000000000000e+00 #xyz tv2
           5.9946202043348311e+00  -2.3242670379225864e+01  -1.2700000000000000e+00 -1 6 #xyz tv3 fid bid
          -1.0207188865561561e+01  -3.6451821640864850e+01  -1.2700000000000000e+00 #xyz tv0
           1.3097516717803829e+01  -3.7000330922877993e+01  -1.2700000000000000e+00 #xyz tv1
           0.0000000000000000e+00  -5.0000000000000000e+01  -1.2700000000000000e+00 8 -1 #xyz tv2 fid bid
          -1.0207188865561561e+01  -3.6451821640864850e+01  -1.2700000000000000e+00 #xyz tv0
           1.3097516717803829e+01  -3.7000330922877993e+01  -1.2700000000000000e+00 #xyz tv1
           0.0000000000000000e+00  -5.0000000000000000e+01  -1.2700000000000000e+00 61 -1 #xyz tv2 fid bid
           1.3097516717803829e+01  -3.7000330922877993e+01  -1.2700000000000000e+00 #xyz tv0
          -1.0207188865561561e+01  -3.6451821640864850e+01  -1.2700000000000000e+00 #xyz tv1
           5.9946202043348311e+00  -2.3242670379225864e+01  -1.2700000000000000e+00 8 -1 #xyz tv2 fid bid
           1.3097516717803829e+01  -3.7000330922877993e+01  -1.2700000000000000e+00 #xyz tv0
          -1.0207188865561561e+01  -3.6451821640864850e+01  -1.2700000000000000e+00 #xyz tv1
           5.9946202043348311e+00  -2.3242670379225864e+01  -1.2700000000000000e+00 61 -1 #xyz tv2 fid bid
          -1.0207188865561561e+01  -3.6451821640864850e+01  -1.2700000000000000e+00 #xyz ev0
           1.3097516717803829e+01  -3.7000330922877993e+01  -1.2700000000000000e+00 -1 6 #xyz ev1 fid bid
   0   0.000000000000e+00   0.000000000000e+00   0.000000000000e+00 #flag location
END_ERR 
G3dErrFileVersion 2018P3.1
FlagFileMetaData Begin
   Mesh Size - Setup1, Refinement, Pass #6, Freq. 2.450000e+09 :Title    
   Listing of mesh elements with small segments. :ToolTip  
   hf3d :Author   
   1668856602 :TimeStamp
FlagFileMetaData End
BEGIN_ERR 
26 Small mesh segment detected on body : substrate
 Small mesh segment detected on body : substrate 
 Segment Statistics - Number of Segments : 1 --- Segment length(s) : 23.311160mm. The cutoff frequency for S-Matrix Only Solve is 2.99792458MHz 
3 -1  8  61  # nfids, fids[]
2 6  -1  # nbids, bids[]
      6 4 1 0 #ntets ntri ned npts
           0.0000000000000000e+00  -5.0000000000000000e+01   0.0000000000000000e+00 #xyz tv0
           1.3097516717803829e+01  -3.7000330922877993e+01  -1.2700000000000000e+00 #xyz tv1
          -1.0207188865561561e+01  -3.6451821640864850e+01  -1.2700000000000000e+00 #xyz tv2
           0.0000000000000000e+00  -5.0000000000000000e+01  -1.2700000000000000e+00 -1 6 #xyz tv3 fid bid
          -1.0207188865561561e+01  -3.6451821640864850e+01  -1.2700000000000000e+00 #xyz tv0
           1.3097516717803829e+01  -3.7000330922877993e+01  -1.2700000000000000e+00 #xyz tv1
          -2.0370370370370358e-01  -5.5000000000000000e+01  -1.2819458270883178e+01 #xyz tv2
           0.0000000000000000e+00  -5.0000000000000000e+01  -1.2700000000000000e+00 -1 6 #xyz tv3 fid bid
           0.0000000000000000e+00  -5.0000000000000000e+01   0.0000000000000000e+00 #xyz tv0
          -1.0207188865561561e+01  -3.6451821640864850e+01  -1.2700000000000000e+00 #xyz tv1
           1.3097516717803829e+01  -3.7000330922877993e+01  -1.2700000000000000e+00 #xyz tv2
           1.2069417989417989e+01  -3.4502243386243393e+01   0.0000000000000000e+00 -1 6 #xyz tv3 fid bid
          -1.0207188865561561e+01  -3.6451821640864850e+01  -1.2700000000000000e+00 #xyz tv0
          -2.0370370370370358e-01  -5.5000000000000000e+01  -1.2819458270883178e+01 #xyz tv1
           1.3097516717803829e+01  -3.7000330922877993e+01  -1.2700000000000000e+00 #xyz tv2
           0.0000000000000000e+00   7.1054273576010019e-15  -1.9087499999999999e+01 -1 6 #xyz tv3 fid bid
           1.3097516717803829e+01  -3.7000330922877993e+01  -1.2700000000000000e+00 #xyz tv0
          -1.0207188865561561e+01  -3.6451821640864850e+01  -1.2700000000000000e+00 #xyz tv1
           0.0000000000000000e+00   7.1054273576010019e-15  -1.9087499999999999e+01 #xyz tv2
           5.2692393331316048e+00  -2.2324856862790870e+01  -1.2700000000000000e+00 -1 6 #xyz tv3 fid bid
           1.3097516717803829e+01  -3.7000330922877993e+01  -1.2700000000000000e+00 #xyz tv0
           1.2069417989417989e+01  -3.4502243386243393e+01   0.0000000000000000e+00 #xyz tv1
          -1.0207188865561561e+01  -3.6451821640864850e+01  -1.2700000000000000e+00 #xyz tv2
           5.2692393331316048e+00  -2.2324856862790870e+01  -1.2700000000000000e+00 -1 6 #xyz tv3 fid bid
          -1.0207188865561561e+01  -3.6451821640864850e+01  -1.2700000000000000e+00 #xyz tv0
           1.3097516717803829e+01  -3.7000330922877993e+01  -1.2700000000000000e+00 #xyz tv1
           0.0000000000000000e+00  -5.0000000000000000e+01  -1.2700000000000000e+00 8 -1 #xyz tv2 fid bid
          -1.0207188865561561e+01  -3.6451821640864850e+01  -1.2700000000000000e+00 #xyz tv0
           1.3097516717803829e+01  -3.7000330922877993e+01  -1.2700000000000000e+00 #xyz tv1
           0.0000000000000000e+00  -5.0000000000000000e+01  -1.2700000000000000e+00 61 -1 #xyz tv2 fid bid
           1.3097516717803829e+01  -3.7000330922877993e+01  -1.2700000000000000e+00 #xyz tv0
          -1.0207188865561561e+01  -3.6451821640864850e+01  -1.2700000000000000e+00 #xyz tv1
           5.2692393331316048e+00  -2.2324856862790870e+01  -1.2700000000000000e+00 8 -1 #xyz tv2 fid bid
           1.3097516717803829e+01  -3.7000330922877993e+01  -1.2700000000000000e+00 #xyz tv0
          -1.0207188865561561e+01  -3.6451821640864850e+01  -1.2700000000000000e+00 #xyz tv1
           5.2692393331316048e+00  -2.2324856862790870e+01  -1.2700000000000000e+00 61 -1 #xyz tv2 fid bid
          -1.0207188865561561e+01  -3.6451821640864850e+01  -1.2700000000000000e+00 #xyz ev0
           1.3097516717803829e+01  -3.7000330922877993e+01  -1.2700000000000000e+00 -1 6 #xyz ev1 fid bid
   0   0.000000000000e+00   0.000000000000e+00   0.000000000000e+00 #flag location
END_ERR 
G3dErrFileVersion 2018P3.1
FlagFileMetaData Begin
   Mesh Size - Setup1, Refinement, Pass #7, Freq. 2.450000e+09 :Title    
   Listing of mesh elements with small segments. :ToolTip  
   hf3d :Author   
   1668856602 :TimeStamp
FlagFileMetaData End
BEGIN_ERR 
26 Small mesh segment detected on body : substrate
 Small mesh segment detected on body : substrate 
 Segment Statistics - Number of Segments : 1 --- Segment length(s) : 23.311160mm. The cutoff frequency for S-Matrix Only Solve is 2.99792458MHz 
3 -1  8  61  # nfids, fids[]
2 6  -1  # nbids, bids[]
      6 4 1 0 #ntets ntri ned npts
           0.0000000000000000e+00  -5.0000000000000000e+01   0.0000000000000000e+00 #xyz tv0
           1.3097516717803829e+01  -3.7000330922877993e+01  -1.2700000000000000e+00 #xyz tv1
          -1.0207188865561561e+01  -3.6451821640864850e+01  -1.2700000000000000e+00 #xyz tv2
           0.0000000000000000e+00  -5.0000000000000000e+01  -1.2700000000000000e+00 -1 6 #xyz tv3 fid bid
          -1.0207188865561561e+01  -3.6451821640864850e+01  -1.2700000000000000e+00 #xyz tv0
           1.3097516717803829e+01  -3.7000330922877993e+01  -1.2700000000000000e+00 #xyz tv1
          -2.0370370370370358e-01  -5.5000000000000000e+01  -1.2819458270883178e+01 #xyz tv2
           0.0000000000000000e+00  -5.0000000000000000e+01  -1.2700000000000000e+00 -1 6 #xyz tv3 fid bid
           1.1401145478021042e+00  -3.2876117175870689e+01   0.0000000000000000e+00 #xyz tv0
           0.0000000000000000e+00  -5.0000000000000000e+01   0.0000000000000000e+00 #xyz tv1
           1.3097516717803829e+01  -3.7000330922877993e+01  -1.2700000000000000e+00 #xyz tv2
          -1.0207188865561561e+01  -3.6451821640864850e+01  -1.2700000000000000e+00 -1 6 #xyz tv3 fid bid
          -1.0207188865561561e+01  -3.6451821640864850e+01  -1.2700000000000000e+00 #xyz tv0
          -2.0370370370370358e-01  -5.5000000000000000e+01  -1.2819458270883178e+01 #xyz tv1
           1.3097516717803829e+01  -3.7000330922877993e+01  -1.2700000000000000e+00 #xyz tv2
           0.0000000000000000e+00   7.1054273576010019e-15  -1.9087499999999999e+01 -1 6 #xyz tv3 fid bid
           1.3097516717803829e+01  -3.7000330922877993e+01  -1.2700000000000000e+00 #xyz tv0
          -1.0207188865561561e+01  -3.6451821640864850e+01  -1.2700000000000000e+00 #xyz tv1
           0.0000000000000000e+00   7.1054273576010019e-15  -1.9087499999999999e+01 #xyz tv2
           5.0201961439485903e+00  -2.4352690605278106e+01  -1.2700000000000000e+00 -1 6 #xyz tv3 fid bid
           1.1401145478021042e+00  -3.2876117175870689e+01   0.0000000000000000e+00 #xyz tv0
           5.0201961439485903e+00  -2.4352690605278106e+01  -1.2700000000000000e+00 #xyz tv1
          -1.0207188865561561e+01  -3.6451821640864850e+01  -1.2700000000000000e+00 #xyz tv2
           1.3097516717803829e+01  -3.7000330922877993e+01  -1.2700000000000000e+00 -1 6 #xyz tv3 fid bid
          -1.0207188865561561e+01  -3.6451821640864850e+01  -1.2700000000000000e+00 #xyz tv0
           1.3097516717803829e+01  -3.7000330922877993e+01  -1.2700000000000000e+00 #xyz tv1
           0.0000000000000000e+00  -5.0000000000000000e+01  -1.2700000000000000e+00 8 -1 #xyz tv2 fid bid
          -1.0207188865561561e+01  -3.6451821640864850e+01  -1.2700000000000000e+00 #xyz tv0
           1.3097516717803829e+01  -3.7000330922877993e+01  -1.2700000000000000e+00 #xyz tv1
           0.0000000000000000e+00  -5.0000000000000000e+01  -1.2700000000000000e+00 61 -1 #xyz tv2 fid bid
           1.3097516717803829e+01  -3.7000330922877993e+01  -1.2700000000000000e+00 #xyz tv0
          -1.0207188865561561e+01  -3.6451821640864850e+01  -1.2700000000000000e+00 #xyz tv1
           5.0201961439485903e+00  -2.4352690605278106e+01  -1.2700000000000000e+00 8 -1 #xyz tv2 fid bid
           1.3097516717803829e+01  -3.7000330922877993e+01  -1.2700000000000000e+00 #xyz tv0
          -1.0207188865561561e+01  -3.6451821640864850e+01  -1.2700000000000000e+00 #xyz tv1
           5.0201961439485903e+00  -2.4352690605278106e+01  -1.2700000000000000e+00 61 -1 #xyz tv2 fid bid
          -1.0207188865561561e+01  -3.6451821640864850e+01  -1.2700000000000000e+00 #xyz ev0
           1.3097516717803829e+01  -3.7000330922877993e+01  -1.2700000000000000e+00 -1 6 #xyz ev1 fid bid
   0   0.000000000000e+00   0.000000000000e+00   0.000000000000e+00 #flag location
END_ERR 
G3dErrFileVersion 2018P3.1
FlagFileMetaData Begin
   Mesh Size - Setup1, Refinement, Pass #8, Freq. 2.450000e+09 :Title    
   Listing of mesh elements with small segments. :ToolTip  
   hf3d :Author   
   1668856603 :TimeStamp
FlagFileMetaData End
BEGIN_ERR 
26 Small mesh segment detected on body : substrate
 Small mesh segment detected on body : substrate 
 Segment Statistics - Number of Segments : 1 --- Segment length(s) : 16.001469mm. The cutoff frequency for S-Matrix Only Solve is 2.99792458MHz 
3 -1  8  61  # nfids, fids[]
2 6  -1  # nbids, bids[]
      7 4 1 0 #ntets ntri ned npts
          -3.9570786085314765e+01   3.7864163755808534e+01  -1.2700000000000000e+00 #xyz tv0
          -3.5552981567382808e+01   5.0000000000000000e+01   0.0000000000000000e+00 #xyz tv1
          -5.0000000000000000e+01   5.0000000000000000e+01  -1.2700000000000000e+00 #xyz tv2
          -3.0865000000000002e+01   5.0000000000000000e+01  -1.2700000000000000e+00 -1 6 #xyz tv3 fid bid
          -3.9570786085314765e+01   3.7864163755808534e+01  -1.2700000000000000e+00 #xyz tv0
          -5.0000000000000000e+01   5.0000000000000000e+01  -1.2700000000000000e+00 #xyz tv1
          -3.5552981567382808e+01   5.0000000000000000e+01   0.0000000000000000e+00 #xyz tv2
          -5.0000000000000000e+01   5.0000000000000000e+01   0.0000000000000000e+00 -1 6 #xyz tv3 fid bid
          -3.9570786085314765e+01   3.7864163755808534e+01  -1.2700000000000000e+00 #xyz tv0
          -1.8333333333333336e+01   5.1666666666666664e+01  -1.0178750000000001e+01 #xyz tv1
          -3.0865000000000002e+01   5.0000000000000000e+01  -1.2700000000000000e+00 #xyz tv2
          -5.0000000000000000e+01   5.0000000000000000e+01  -1.2700000000000000e+00 -1 6 #xyz tv3 fid bid
          -3.9570786085314765e+01   3.7864163755808534e+01  -1.2700000000000000e+00 #xyz tv0
          -5.0000000000000000e+01   5.0000000000000000e+01   0.0000000000000000e+00 #xyz tv1
          -5.0000000000000000e+01   2.5000000000000000e+01  -1.2700000000000000e+00 #xyz tv2
          -5.0000000000000000e+01   5.0000000000000000e+01  -1.2700000000000000e+00 -1 6 #xyz tv3 fid bid
          -1.8333333333333336e+01   5.1666666666666664e+01  -1.0178750000000001e+01 #xyz tv0
          -3.9570786085314765e+01   3.7864163755808534e+01  -1.2700000000000000e+00 #xyz tv1
          -5.5000000000000007e+01   5.5000000000000014e+01  -8.8141677274703305e+00 #xyz tv2
          -5.0000000000000000e+01   5.0000000000000000e+01  -1.2700000000000000e+00 -1 6 #xyz tv3 fid bid
          -5.5000000000000007e+01   7.1054273576010019e-15  -1.9087499999999999e+01 #xyz tv0
          -3.9570786085314765e+01   3.7864163755808534e+01  -1.2700000000000000e+00 #xyz tv1
          -5.0000000000000000e+01   2.5000000000000000e+01  -1.2700000000000000e+00 #xyz tv2
          -5.0000000000000000e+01   5.0000000000000000e+01  -1.2700000000000000e+00 -1 6 #xyz tv3 fid bid
          -5.5000000000000007e+01   5.5000000000000014e+01  -8.8141677274703305e+00 #xyz tv0
          -3.9570786085314765e+01   3.7864163755808534e+01  -1.2700000000000000e+00 #xyz tv1
          -5.5000000000000007e+01   7.1054273576010019e-15  -1.9087499999999999e+01 #xyz tv2
          -5.0000000000000000e+01   5.0000000000000000e+01  -1.2700000000000000e+00 -1 6 #xyz tv3 fid bid
          -5.0000000000000000e+01   5.0000000000000000e+01  -1.2700000000000000e+00 #xyz tv0
          -3.9570786085314765e+01   3.7864163755808534e+01  -1.2700000000000000e+00 #xyz tv1
          -5.0000000000000000e+01   2.5000000000000000e+01  -1.2700000000000000e+00 8 -1 #xyz tv2 fid bid
          -5.0000000000000000e+01   5.0000000000000000e+01  -1.2700000000000000e+00 #xyz tv0
          -3.9570786085314765e+01   3.7864163755808534e+01  -1.2700000000000000e+00 #xyz tv1
          -5.0000000000000000e+01   2.5000000000000000e+01  -1.2700000000000000e+00 61 -1 #xyz tv2 fid bid
          -3.9570786085314765e+01   3.7864163755808534e+01  -1.2700000000000000e+00 #xyz tv0
          -5.0000000000000000e+01   5.0000000000000000e+01  -1.2700000000000000e+00 #xyz tv1
          -3.0865000000000002e+01   5.0000000000000000e+01  -1.2700000000000000e+00 8 -1 #xyz tv2 fid bid
          -3.9570786085314765e+01   3.7864163755808534e+01  -1.2700000000000000e+00 #xyz tv0
          -5.0000000000000000e+01   5.0000000000000000e+01  -1.2700000000000000e+00 #xyz tv1
          -3.0865000000000002e+01   5.0000000000000000e+01  -1.2700000000000000e+00 61 -1 #xyz tv2 fid bid
          -5.0000000000000000e+01   5.0000000000000000e+01  -1.2700000000000000e+00 #xyz ev0
          -3.9570786085314765e+01   3.7864163755808534e+01  -1.2700000000000000e+00 -1 6 #xyz ev1 fid bid
   0   0.000000000000e+00   0.000000000000e+00   0.000000000000e+00 #flag location
END_ERR 
G3dErrFileVersion 2018P3.1
FlagFileMetaData Begin
   Mesh Size - Setup1, Refinement, Pass #9, Freq. 2.450000e+09 :Title    
   Listing of mesh elements with small segments. :ToolTip  
   hf3d :Author   
   1668856605 :TimeStamp
FlagFileMetaData End
BEGIN_ERR 
26 Small mesh segment detected on body : substrate
 Small mesh segment detected on body : substrate 
 Segment Statistics - Number of Segments : 1 --- Segment length(s) : 0.366635mm. The cutoff frequency for S-Matrix Only Solve is 2.99792458MHz 
1 -1  # nfids, fids[]
1 6  # nbids, bids[]
      4 0 1 0 #ntets ntri ned npts
           2.7990531844090132e+00   2.3141121807010656e+01  -3.3152382974640460e-01 #xyz tv0
           2.7709179319820714e+00   2.3211829971000824e+01  -6.9017430235563082e-01 #xyz tv1
           2.7038409629478783e+00   2.3898275889485102e+01   0.0000000000000000e+00 #xyz tv2
           1.9550000000000001e+00   2.3088554060254850e+01   0.0000000000000000e+00 -1 6 #xyz tv3 fid bid
           2.7990531844090132e+00   2.3141121807010656e+01  -3.3152382974640460e-01 #xyz tv0
           2.7038409629478783e+00   2.3898275889485102e+01   0.0000000000000000e+00 #xyz tv1
           2.7709179319820714e+00   2.3211829971000824e+01  -6.9017430235563082e-01 #xyz tv2
           3.4629436198679429e+00   2.3248529470753326e+01  -6.1912500000000059e-01 -1 6 #xyz tv3 fid bid
           2.7990531844090132e+00   2.3141121807010656e+01  -3.3152382974640460e-01 #xyz tv0
           2.7149610319063728e+00   2.2482083732938943e+01  -6.2144282800328221e-01 #xyz tv1
           2.7709179319820714e+00   2.3211829971000824e+01  -6.9017430235563082e-01 #xyz tv2
           1.9550000000000001e+00   2.3088554060254850e+01   0.0000000000000000e+00 -1 6 #xyz tv3 fid bid
           2.7990531844090132e+00   2.3141121807010656e+01  -3.3152382974640460e-01 #xyz tv0
           2.7709179319820714e+00   2.3211829971000824e+01  -6.9017430235563082e-01 #xyz tv1
           2.7149610319063728e+00   2.2482083732938943e+01  -6.2144282800328221e-01 #xyz tv2
           3.4629436198679429e+00   2.3248529470753326e+01  -6.1912500000000059e-01 -1 6 #xyz tv3 fid bid
           2.7990531844090132e+00   2.3141121807010656e+01  -3.3152382974640460e-01 #xyz ev0
           2.7709179319820714e+00   2.3211829971000824e+01  -6.9017430235563082e-01 -1 6 #xyz ev1 fid bid
   0   0.000000000000e+00   0.000000000000e+00   0.000000000000e+00 #flag location
END_ERR 
G3dErrFileVersion 2018P3.1
FlagFileMetaData Begin
   Mesh Size - Setup1, Refinement, Pass #10, Freq. 2.450000e+09 :Title    
   Listing of mesh elements with small segments. :ToolTip  
   hf3d :Author   
   1668856606 :TimeStamp
FlagFileMetaData End
BEGIN_ERR 
26 Small mesh segment detected on body : substrate
 Small mesh segment detected on body : substrate 
 Segment Statistics - Number of Segments : 1 --- Segment length(s) : 0.307153mm. The cutoff frequency for S-Matrix Only Solve is 2.99792458MHz 
1 -1  # nfids, fids[]
1 6  # nbids, bids[]
      5 0 1 0 #ntets ntri ned npts
          -2.4982776069885326e+00   3.5042367948345131e+01   0.0000000000000000e+00 #xyz tv0
          -3.3884469012983893e+00   3.5563585343697994e+01   0.0000000000000000e+00 #xyz tv1
          -2.7854310129593509e+00   3.5824006293084835e+01  -2.7942566792224455e-01 #xyz tv2
          -2.6589845460381336e+00   3.5840612265031197e+01   0.0000000000000000e+00 -1 6 #xyz tv3 fid bid
          -2.6589845460381336e+00   3.5840612265031197e+01   0.0000000000000000e+00 #xyz tv0
          -2.7854310129593509e+00   3.5824006293084835e+01  -2.7942566792224455e-01 #xyz tv1
          -2.7353266946472194e+00   3.6571544159689402e+01   0.0000000000000000e+00 #xyz tv2
          -3.3884469012983893e+00   3.5563585343697994e+01   0.0000000000000000e+00 -1 6 #xyz tv3 fid bid
          -2.4982776069885326e+00   3.5042367948345131e+01   0.0000000000000000e+00 #xyz tv0
          -2.6589845460381336e+00   3.5840612265031197e+01   0.0000000000000000e+00 #xyz tv1
          -2.7854310129593509e+00   3.5824006293084835e+01  -2.7942566792224455e-01 #xyz tv2
          -1.9550000000000001e+00   3.5392502552824922e+01   0.0000000000000000e+00 -1 6 #xyz tv3 fid bid
          -2.6589845460381336e+00   3.5840612265031197e+01   0.0000000000000000e+00 #xyz tv0
          -2.2078929338424338e+00   3.6148178524870275e+01  -5.5885133584448909e-01 #xyz tv1
          -2.7353266946472194e+00   3.6571544159689402e+01   0.0000000000000000e+00 #xyz tv2
          -2.7854310129593509e+00   3.5824006293084835e+01  -2.7942566792224455e-01 -1 6 #xyz tv3 fid bid
          -2.6589845460381336e+00   3.5840612265031197e+01   0.0000000000000000e+00 #xyz tv0
          -1.9550000000000001e+00   3.5392502552824922e+01   0.0000000000000000e+00 #xyz tv1
          -2.2078929338424338e+00   3.6148178524870275e+01  -5.5885133584448909e-01 #xyz tv2
          -2.7854310129593509e+00   3.5824006293084835e+01  -2.7942566792224455e-01 -1 6 #xyz tv3 fid bid
          -2.6589845460381336e+00   3.5840612265031197e+01   0.0000000000000000e+00 #xyz ev0
