G3dErrFileVersion 2018P3.1
FlagFileMetaData Begin
   Mesh Size - Setup1, Refinement, Pass #1, Freq. 2.450000e+09 :Title    
   Listing of mesh elements with small segments. :ToolTip  
   hf3d :Author   
   1666556217 :TimeStamp
FlagFileMetaData End
BEGIN_ERR 
26 Small mesh segment detected on body : Air_box
 Small mesh segment detected on body : Air_box 
 Segment Statistics - Number of Segments : 1 --- Segment length(s) : 0.084839mm. The cutoff frequency for S-Matrix Only Solve is 1.08813718423083MHz 
2 -1  27  # nfids, fids[]
2 46  -1  # nbids, bids[]
      4 2 1 0 #ntets ntri ned npts
           7.7408458183979145e-01  -6.3289045221614426e-01   1.1814379372229901e+01 #xyz tv0
           1.3999999999999997e+00  -2.7999999999999998e+00   1.2600000000000000e+01 #xyz tv1
           9.1721130000000028e-01  -3.9840109000000001e-01   1.1729575000000001e+01 #xyz tv2
           7.7571129000000005e-01  -6.3108794000000001e-01   1.1729575000000001e+01 -1 46 #xyz tv3 fid bid
           7.7408458183979145e-01  -6.3289045221614426e-01   1.1814379372229901e+01 #xyz tv0
           7.7571129000000005e-01  -6.3108794000000001e-01   1.1729575000000001e+01 #xyz tv1
           9.1721130000000028e-01  -3.9840109000000001e-01   1.1729575000000001e+01 #xyz tv2
           6.8242410000000003e-02  -9.9766876999999987e-01   1.1729575000000001e+01 -1 46 #xyz tv3 fid bid
           7.7408458183979145e-01  -6.3289045221614426e-01   1.1814379372229901e+01 #xyz tv0
           1.3999999999999997e+00  -2.7999999999999998e+00   1.2600000000000000e+01 #xyz tv1
           7.7571129000000005e-01  -6.3108794000000001e-01   1.1729575000000001e+01 #xyz tv2
           3.4422912841641701e-01  -9.3866586955582365e-01   1.2429075298391970e+01 -1 46 #xyz tv3 fid bid
           7.7408458183979145e-01  -6.3289045221614426e-01   1.1814379372229901e+01 #xyz tv0
           3.4422912841641701e-01  -9.3866586955582365e-01   1.2429075298391970e+01 #xyz tv1
           7.7571129000000005e-01  -6.3108794000000001e-01   1.1729575000000001e+01 #xyz tv2
           6.8242410000000003e-02  -9.9766876999999987e-01   1.1729575000000001e+01 -1 46 #xyz tv3 fid bid
           9.1721130000000028e-01  -3.9840109000000001e-01   1.1729575000000001e+01 #xyz tv0
           7.7408458183979145e-01  -6.3289045221614426e-01   1.1814379372229901e+01 #xyz tv1
           7.7571129000000005e-01  -6.3108794000000001e-01   1.1729575000000001e+01 27 -1 #xyz tv2 fid bid
           7.7571129000000005e-01  -6.3108794000000001e-01   1.1729575000000001e+01 #xyz tv0
           7.7408458183979145e-01  -6.3289045221614426e-01   1.1814379372229901e+01 #xyz tv1
           3.4422912841641701e-01  -9.3866586955582365e-01   1.2429075298391970e+01 27 -1 #xyz tv2 fid bid
           7.7408458183979145e-01  -6.3289045221614426e-01   1.1814379372229901e+01 #xyz ev0
           7.7571129000000005e-01  -6.3108794000000001e-01   1.1729575000000001e+01 -1 46 #xyz ev1 fid bid
   0   0.000000000000e+00   0.000000000000e+00   0.000000000000e+00 #flag location
END_ERR 
G3dErrFileVersion 2018P3.1
FlagFileMetaData Begin
   Mesh Size - Setup1, Refinement, Pass #2, Freq. 2.450000e+09 :Title    
   Listing of mesh elements with small segments. :ToolTip  
   hf3d :Author   
   1666556218 :TimeStamp
FlagFileMetaData End
BEGIN_ERR 
26 Small mesh segment detected on body : Air_box
 Small mesh segment detected on body : Air_box 
 Segment Statistics - Number of Segments : 1 --- Segment length(s) : 0.084839mm. The cutoff frequency for S-Matrix Only Solve is 1.08813718423083MHz 
2 -1  27  # nfids, fids[]
2 46  -1  # nbids, bids[]
      5 2 1 0 #ntets ntri ned npts
           7.7571129000000005e-01  -6.3108794000000001e-01   1.1729575000000001e+01 #xyz tv0
           7.7408458183979145e-01  -6.3289045221614426e-01   1.1814379372229901e+01 #xyz tv1
           2.9029326073611124e+00  -1.2095829906944440e+00   1.0850680520341315e+01 #xyz tv2
           1.3999999999999997e+00  -2.7999999999999998e+00   1.2600000000000000e+01 -1 46 #xyz tv3 fid bid
           7.7571129000000005e-01  -6.3108794000000001e-01   1.1729575000000001e+01 #xyz tv0
           2.9029326073611124e+00  -1.2095829906944440e+00   1.0850680520341315e+01 #xyz tv1
           7.7408458183979145e-01  -6.3289045221614426e-01   1.1814379372229901e+01 #xyz tv2
           9.1721130000000040e-01  -3.9840109000000001e-01   1.1729575000000001e+01 -1 46 #xyz tv3 fid bid
           7.7408458183979145e-01  -6.3289045221614426e-01   1.1814379372229901e+01 #xyz tv0
           1.3999999999999997e+00  -2.7999999999999998e+00   1.2600000000000000e+01 #xyz tv1
           7.7571129000000005e-01  -6.3108794000000001e-01   1.1729575000000001e+01 #xyz tv2
           3.4422912841641701e-01  -9.3866586955582376e-01   1.2429075298391970e+01 -1 46 #xyz tv3 fid bid
           7.7408458183979145e-01  -6.3289045221614426e-01   1.1814379372229901e+01 #xyz tv0
           7.7571129000000005e-01  -6.3108794000000001e-01   1.1729575000000001e+01 #xyz tv1
           9.1721130000000040e-01  -3.9840109000000001e-01   1.1729575000000001e+01 #xyz tv2
           6.8242410000000003e-02  -9.9766876999999987e-01   1.1729575000000001e+01 -1 46 #xyz tv3 fid bid
           7.7408458183979145e-01  -6.3289045221614426e-01   1.1814379372229901e+01 #xyz tv0
           3.4422912841641701e-01  -9.3866586955582376e-01   1.2429075298391970e+01 #xyz tv1
           7.7571129000000005e-01  -6.3108794000000001e-01   1.1729575000000001e+01 #xyz tv2
           6.8242410000000003e-02  -9.9766876999999987e-01   1.1729575000000001e+01 -1 46 #xyz tv3 fid bid
           9.1721130000000040e-01  -3.9840109000000001e-01   1.1729575000000001e+01 #xyz tv0
           7.7408458183979145e-01  -6.3289045221614426e-01   1.1814379372229901e+01 #xyz tv1
           7.7571129000000005e-01  -6.3108794000000001e-01   1.1729575000000001e+01 27 -1 #xyz tv2 fid bid
           7.7571129000000005e-01  -6.3108794000000001e-01   1.1729575000000001e+01 #xyz tv0
           7.7408458183979145e-01  -6.3289045221614426e-01   1.1814379372229901e+01 #xyz tv1
           3.4422912841641701e-01  -9.3866586955582376e-01   1.2429075298391970e+01 27 -1 #xyz tv2 fid bid
           7.7408458183979145e-01  -6.3289045221614426e-01   1.1814379372229901e+01 #xyz ev0
           7.7571129000000005e-01  -6.3108794000000001e-01   1.1729575000000001e+01 -1 46 #xyz ev1 fid bid
   0   0.000000000000e+00   0.000000000000e+00   0.000000000000e+00 #flag location
END_ERR 
G3dErrFileVersion 2018P3.1
FlagFileMetaData Begin
   Mesh Size - Setup1, Refinement, Pass #3, Freq. 2.450000e+09 :Title    
   Listing of mesh elements with small segments. :ToolTip  
   hf3d :Author   
   1666556219 :TimeStamp
FlagFileMetaData End
BEGIN_ERR 
26 Small mesh segment detected on body : Air_box
 Small mesh segment detected on body : Air_box 
 Segment Statistics - Number of Segments : 1 --- Segment length(s) : 0.084839mm. The cutoff frequency for S-Matrix Only Solve is 1.08813718423083MHz 
2 -1  27  # nfids, fids[]
2 46  -1  # nbids, bids[]
      5 2 1 0 #ntets ntri ned npts
           7.7571129000000005e-01  -6.3108794000000001e-01   1.1729575000000001e+01 #xyz tv0
           7.7408458183979145e-01  -6.3289045221614426e-01   1.1814379372229901e+01 #xyz tv1
           2.9029326073611124e+00  -1.2095829906944440e+00   1.0850680520341315e+01 #xyz tv2
           1.0105973580709411e+00  -2.0397677642112049e+00   1.1978392852445161e+01 -1 46 #xyz tv3 fid bid
           7.7571129000000005e-01  -6.3108794000000001e-01   1.1729575000000001e+01 #xyz tv0
           2.9029326073611124e+00  -1.2095829906944440e+00   1.0850680520341315e+01 #xyz tv1
           7.7408458183979145e-01  -6.3289045221614426e-01   1.1814379372229901e+01 #xyz tv2
           9.1721130000000051e-01  -3.9840109000000001e-01   1.1729575000000001e+01 -1 46 #xyz tv3 fid bid
           7.7408458183979145e-01  -6.3289045221614426e-01   1.1814379372229901e+01 #xyz tv0
           1.0105973580709411e+00  -2.0397677642112049e+00   1.1978392852445161e+01 #xyz tv1
           7.7571129000000005e-01  -6.3108794000000001e-01   1.1729575000000001e+01 #xyz tv2
           3.4422912841641701e-01  -9.3866586955582376e-01   1.2429075298391970e+01 -1 46 #xyz tv3 fid bid
           7.7408458183979145e-01  -6.3289045221614426e-01   1.1814379372229901e+01 #xyz tv0
           7.7571129000000005e-01  -6.3108794000000001e-01   1.1729575000000001e+01 #xyz tv1
           9.1721130000000051e-01  -3.9840109000000001e-01   1.1729575000000001e+01 #xyz tv2
           6.8242410000000003e-02  -9.9766876999999987e-01   1.1729575000000001e+01 -1 46 #xyz tv3 fid bid
           7.7408458183979145e-01  -6.3289045221614426e-01   1.1814379372229901e+01 #xyz tv0
           3.4422912841641701e-01  -9.3866586955582376e-01   1.2429075298391970e+01 #xyz tv1
           7.7571129000000005e-01  -6.3108794000000001e-01   1.1729575000000001e+01 #xyz tv2
           6.8242410000000003e-02  -9.9766876999999987e-01   1.1729575000000001e+01 -1 46 #xyz tv3 fid bid
           9.1721130000000051e-01  -3.9840109000000001e-01   1.1729575000000001e+01 #xyz tv0
           7.7408458183979145e-01  -6.3289045221614426e-01   1.1814379372229901e+01 #xyz tv1
           7.7571129000000005e-01  -6.3108794000000001e-01   1.1729575000000001e+01 27 -1 #xyz tv2 fid bid
           7.7571129000000005e-01  -6.3108794000000001e-01   1.1729575000000001e+01 #xyz tv0
           7.7408458183979145e-01  -6.3289045221614426e-01   1.1814379372229901e+01 #xyz tv1
           3.4422912841641701e-01  -9.3866586955582376e-01   1.2429075298391970e+01 27 -1 #xyz tv2 fid bid
           7.7408458183979145e-01  -6.3289045221614426e-01   1.1814379372229901e+01 #xyz ev0
           7.7571129000000005e-01  -6.3108794000000001e-01   1.1729575000000001e+01 -1 46 #xyz ev1 fid bid
   0   0.000000000000e+00   0.000000000000e+00   0.000000000000e+00 #flag location
END_ERR 
G3dErrFileVersion 2018P3.1
FlagFileMetaData Begin
   Mesh Size - Setup1, Refinement, Pass #4, Freq. 2.450000e+09 :Title    
   Listing of mesh elements with small segments. :ToolTip  
   hf3d :Author   
   1666556220 :TimeStamp
FlagFileMetaData End
BEGIN_ERR 
26 Small mesh segment detected on body : Air_box
 Small mesh segment detected on body : Air_box 
 Segment Statistics - Number of Segments : 1 --- Segment length(s) : 0.084839mm. The cutoff frequency for S-Matrix Only Solve is 1.08813718423083MHz 
2 -1  27  # nfids, fids[]
2 46  -1  # nbids, bids[]
      5 2 1 0 #ntets ntri ned npts
           7.7571129000000005e-01  -6.3108794000000001e-01   1.1729575000000001e+01 #xyz tv0
           7.7408458183979145e-01  -6.3289045221614426e-01   1.1814379372229901e+01 #xyz tv1
           2.9029326073611124e+00  -1.2095829906944440e+00   1.0850680520341315e+01 #xyz tv2
           1.0105973580709411e+00  -2.0397677642112049e+00   1.1978392852445161e+01 -1 46 #xyz tv3 fid bid
           7.7571129000000005e-01  -6.3108794000000001e-01   1.1729575000000001e+01 #xyz tv0
           2.9029326073611124e+00  -1.2095829906944440e+00   1.0850680520341315e+01 #xyz tv1
           7.7408458183979145e-01  -6.3289045221614426e-01   1.1814379372229901e+01 #xyz tv2
           9.1721130000000051e-01  -3.9840109000000001e-01   1.1729575000000001e+01 -1 46 #xyz tv3 fid bid
           7.7408458183979145e-01  -6.3289045221614426e-01   1.1814379372229901e+01 #xyz tv0
           1.0105973580709411e+00  -2.0397677642112049e+00   1.1978392852445161e+01 #xyz tv1
           7.7571129000000005e-01  -6.3108794000000001e-01   1.1729575000000001e+01 #xyz tv2
           3.4422912841641701e-01  -9.3866586955582376e-01   1.2429075298391970e+01 -1 46 #xyz tv3 fid bid
           7.7408458183979145e-01  -6.3289045221614426e-01   1.1814379372229901e+01 #xyz tv0
           7.7571129000000005e-01  -6.3108794000000001e-01   1.1729575000000001e+01 #xyz tv1
           9.1721130000000051e-01  -3.9840109000000001e-01   1.1729575000000001e+01 #xyz tv2
           6.8242410000000003e-02  -9.9766876999999987e-01   1.1729575000000001e+01 -1 46 #xyz tv3 fid bid
           7.7408458183979145e-01  -6.3289045221614426e-01   1.1814379372229901e+01 #xyz tv0
           3.4422912841641701e-01  -9.3866586955582376e-01   1.2429075298391970e+01 #xyz tv1
           7.7571129000000005e-01  -6.3108794000000001e-01   1.1729575000000001e+01 #xyz tv2
           6.8242410000000003e-02  -9.9766876999999987e-01   1.1729575000000001e+01 -1 46 #xyz tv3 fid bid
           9.1721130000000051e-01  -3.9840109000000001e-01   1.1729575000000001e+01 #xyz tv0
           7.7408458183979145e-01  -6.3289045221614426e-01   1.1814379372229901e+01 #xyz tv1
           7.7571129000000005e-01  -6.3108794000000001e-01   1.1729575000000001e+01 27 -1 #xyz tv2 fid bid
           7.7571129000000005e-01  -6.3108794000000001e-01   1.1729575000000001e+01 #xyz tv0
           7.7408458183979145e-01  -6.3289045221614426e-01   1.1814379372229901e+01 #xyz tv1
           3.4422912841641701e-01  -9.3866586955582376e-01   1.2429075298391970e+01 27 -1 #xyz tv2 fid bid
           7.7408458183979145e-01  -6.3289045221614426e-01   1.1814379372229901e+01 #xyz ev0
           7.7571129000000005e-01  -6.3108794000000001e-01   1.1729575000000001e+01 -1 46 #xyz ev1 fid bid
   0   0.000000000000e+00   0.000000000000e+00   0.000000000000e+00 #flag location
END_ERR 
G3dErrFileVersion 2018P3.1
FlagFileMetaData Begin
   Mesh Size - Setup1, Refinement, Pass #1, Freq. 2.450000e+09 :Title    
   Listing of mesh elements with small segments. :ToolTip  
   hf3d :Author   
   1666556395 :TimeStamp
FlagFileMetaData End
BEGIN_ERR 
26 Small mesh segment detected on body : Air_box
 Small mesh segment detected on body : Air_box 
 Segment Statistics - Number of Segments : 1 --- Segment length(s) : 0.109212mm. The cutoff frequency for S-Matrix Only Solve is 544.068592115417kHz 
2 -1  27  # nfids, fids[]
2 46  -1  # nbids, bids[]
      5 2 1 0 #ntets ntri ned npts
           8.6949425472979358e-01  -1.0952337324100121e+00   2.4933123902567402e+01 #xyz tv0
           3.5131730448472229e+00   1.7079018626145670e+00   2.6069166609260012e+01 #xyz tv1
           7.7394068210915012e-01  -6.3304990369534975e-01   2.6491065527225562e+01 #xyz tv2
           7.7571129000000005e-01  -6.3108794000000001e-01   2.6381885709999999e+01 -1 46 #xyz tv3 fid bid
           7.7571129000000005e-01  -6.3108794000000001e-01   2.6381885709999999e+01 #xyz tv0
           9.1721130000000028e-01  -3.9840109000000001e-01   2.6381885709999999e+01 #xyz tv1
           3.5131730448472229e+00   1.7079018626145670e+00   2.6069166609260012e+01 #xyz tv2
           7.7394068210915012e-01  -6.3304990369534975e-01   2.6491065527225562e+01 -1 46 #xyz tv3 fid bid
           8.6949425472979358e-01  -1.0952337324100121e+00   2.4933123902567402e+01 #xyz tv0
           7.7394068210915012e-01  -6.3304990369534975e-01   2.6491065527225562e+01 #xyz tv1
           5.7668032000000002e-01  -8.1696988999999998e-01   2.6381885709999999e+01 #xyz tv2
           7.7571129000000005e-01  -6.3108794000000001e-01   2.6381885709999999e+01 -1 46 #xyz tv3 fid bid
           1.2798599184870507e-01  -1.1851118726071302e-01   2.5931693007742741e+01 #xyz tv0
           7.7571129000000005e-01  -6.3108794000000001e-01   2.6381885709999999e+01 #xyz tv1
           7.7394068210915012e-01  -6.3304990369534975e-01   2.6491065527225562e+01 #xyz tv2
           9.1721130000000028e-01  -3.9840109000000001e-01   2.6381885709999999e+01 -1 46 #xyz tv3 fid bid
           1.2798599184870507e-01  -1.1851118726071302e-01   2.5931693007742741e+01 #xyz tv0
           7.7394068210915012e-01  -6.3304990369534975e-01   2.6491065527225562e+01 #xyz tv1
           7.7571129000000005e-01  -6.3108794000000001e-01   2.6381885709999999e+01 #xyz tv2
           5.7668032000000002e-01  -8.1696988999999998e-01   2.6381885709999999e+01 -1 46 #xyz tv3 fid bid
           7.7394068210915012e-01  -6.3304990369534975e-01   2.6491065527225562e+01 #xyz tv0
           5.7668032000000002e-01  -8.1696988999999998e-01   2.6381885709999999e+01 #xyz tv1
           7.7571129000000005e-01  -6.3108794000000001e-01   2.6381885709999999e+01 27 -1 #xyz tv2 fid bid
           7.7394068210915012e-01  -6.3304990369534975e-01   2.6491065527225562e+01 #xyz tv0
           7.7571129000000005e-01  -6.3108794000000001e-01   2.6381885709999999e+01 #xyz tv1
           9.1721130000000028e-01  -3.9840109000000001e-01   2.6381885709999999e+01 27 -1 #xyz tv2 fid bid
           7.7571129000000005e-01  -6.3108794000000001e-01   2.6381885709999999e+01 #xyz ev0
           7.7394068210915012e-01  -6.3304990369534975e-01   2.6491065527225562e+01 -1 46 #xyz ev1 fid bid
   0   0.000000000000e+00   0.000000000000e+00   0.000000000000e+00 #flag location
END_ERR 
BEGIN_ERR 
26 Small mesh segment detected on body : Air_box
 Small mesh segment detected on body : Air_box 
 Segment Statistics - Number of Segments : 1 --- Segment length(s) : 0.121258mm. The cutoff frequency for S-Matrix Only Solve is 544.068592115417kHz 
2 -1  27  # nfids, fids[]
2 46  -1  # nbids, bids[]
      4 2 1 0 #ntets ntri ned npts
           7.7394068210915012e-01  -6.3304990369534975e-01   2.6491065527225562e+01 #xyz tv0
           9.1721130000000028e-01  -3.9840109000000001e-01   2.6381885709999999e+01 #xyz tv1
           3.5131730448472229e+00   1.7079018626145670e+00   2.6069166609260012e+01 #xyz tv2
           9.1740243719717895e-01  -3.9795056122720546e-01   2.6503142837690064e+01 -1 46 #xyz tv3 fid bid
           3.5131730448472229e+00   1.7079018626145670e+00   2.6069166609260012e+01 #xyz tv0
           9.9068595000000015e-01  -1.3616665000000006e-01   2.6381885709999999e+01 #xyz tv1
           9.1740243719717895e-01  -3.9795056122720546e-01   2.6503142837690064e+01 #xyz tv2
           9.1721130000000028e-01  -3.9840109000000001e-01   2.6381885709999999e+01 -1 46 #xyz tv3 fid bid
           1.2798599184870507e-01  -1.1851118726071302e-01   2.5931693007742741e+01 #xyz tv0
           9.1740243719717895e-01  -3.9795056122720546e-01   2.6503142837690064e+01 #xyz tv1
           9.1721130000000028e-01  -3.9840109000000001e-01   2.6381885709999999e+01 #xyz tv2
           7.7394068210915012e-01  -6.3304990369534975e-01   2.6491065527225562e+01 -1 46 #xyz tv3 fid bid
           1.2798599184870507e-01  -1.1851118726071302e-01   2.5931693007742741e+01 #xyz tv0
           9.1721130000000028e-01  -3.9840109000000001e-01   2.6381885709999999e+01 #xyz tv1
           9.1740243719717895e-01  -3.9795056122720546e-01   2.6503142837690064e+01 #xyz tv2
           9.9068595000000015e-01  -1.3616665000000006e-01   2.6381885709999999e+01 -1 46 #xyz tv3 fid bid
           9.1740243719717895e-01  -3.9795056122720546e-01   2.6503142837690064e+01 #xyz tv0
           9.1721130000000028e-01  -3.9840109000000001e-01   2.6381885709999999e+01 #xyz tv1
           9.9068595000000015e-01  -1.3616665000000006e-01   2.6381885709999999e+01 27 -1 #xyz tv2 fid bid
           9.1740243719717895e-01  -3.9795056122720546e-01   2.6503142837690064e+01 #xyz tv0
           7.7394068210915012e-01  -6.3304990369534975e-01   2.6491065527225562e+01 #xyz tv1
           9.1721130000000028e-01  -3.9840109000000001e-01   2.6381885709999999e+01 27 -1 #xyz tv2 fid bid
           9.1740243719717895e-01  -3.9795056122720546e-01   2.6503142837690064e+01 #xyz ev0
           9.1721130000000028e-01  -3.9840109000000001e-01   2.6381885709999999e+01 -1 46 #xyz ev1 fid bid
   0   0.000000000000e+00   0.000000000000e+00   0.000000000000e+00 #flag location
END_ERR 
G3dErrFileVersion 2018P3.1
FlagFileMetaData Begin
   Mesh Size - Setup1, Refinement, Pass #2, Freq. 2.450000e+09 :Title    
   Listing of mesh elements with small segments. :ToolTip  
   hf3d :Author   
   1666556398 :TimeStamp
FlagFileMetaData End
BEGIN_ERR 
26 Small mesh segment detected on body : Air_box
 Small mesh segment detected on body : Air_box 
 Segment Statistics - Number of Segments : 1 --- Segment length(s) : 0.109212mm. The cutoff frequency for S-Matrix Only Solve is 544.068592115417kHz 
2 -1  27  # nfids, fids[]
2 46  -1  # nbids, bids[]
      4 2 1 0 #ntets ntri ned npts
           7.7571129000000005e-01  -6.3108794000000001e-01   2.6381885709999999e+01 #xyz tv0
           2.0191794518499804e+00  -9.0464119054212677e-01   2.7056415244780958e+01 #xyz tv1
           5.7668032000000002e-01  -8.1696988999999998e-01   2.6381885709999999e+01 #xyz tv2
           7.7394068210915012e-01  -6.3304990369534975e-01   2.6491065527225562e+01 -1 46 #xyz tv3 fid bid
           1.4723289059817557e-01  -1.1451176832780349e-01   2.5927289634649291e+01 #xyz tv0
           7.7394068210915012e-01  -6.3304990369534975e-01   2.6491065527225562e+01 #xyz tv1
           7.7571129000000005e-01  -6.3108794000000001e-01   2.6381885709999999e+01 #xyz tv2
           5.7668032000000002e-01  -8.1696988999999998e-01   2.6381885709999999e+01 -1 46 #xyz tv3 fid bid
           7.7571129000000005e-01  -6.3108794000000001e-01   2.6381885709999999e+01 #xyz tv0
           9.1721130000000040e-01  -3.9840109000000001e-01   2.6381885709999999e+01 #xyz tv1
           2.0191794518499804e+00  -9.0464119054212677e-01   2.7056415244780958e+01 #xyz tv2
           7.7394068210915012e-01  -6.3304990369534975e-01   2.6491065527225562e+01 -1 46 #xyz tv3 fid bid
           1.4723289059817557e-01  -1.1451176832780349e-01   2.5927289634649291e+01 #xyz tv0
           7.7571129000000005e-01  -6.3108794000000001e-01   2.6381885709999999e+01 #xyz tv1
           7.7394068210915012e-01  -6.3304990369534975e-01   2.6491065527225562e+01 #xyz tv2
           9.1721130000000040e-01  -3.9840109000000001e-01   2.6381885709999999e+01 -1 46 #xyz tv3 fid bid
           7.7394068210915012e-01  -6.3304990369534975e-01   2.6491065527225562e+01 #xyz tv0
           5.7668032000000002e-01  -8.1696988999999998e-01   2.6381885709999999e+01 #xyz tv1
           7.7571129000000005e-01  -6.3108794000000001e-01   2.6381885709999999e+01 27 -1 #xyz tv2 fid bid
           7.7394068210915012e-01  -6.3304990369534975e-01   2.6491065527225562e+01 #xyz tv0
           7.7571129000000005e-01  -6.3108794000000001e-01   2.6381885709999999e+01 #xyz tv1
           9.1721130000000040e-01  -3.9840109000000001e-01   2.6381885709999999e+01 27 -1 #xyz tv2 fid bid
           7.7571129000000005e-01  -6.3108794000000001e-01   2.6381885709999999e+01 #xyz ev0
           7.7394068210915012e-01  -6.3304990369534975e-01   2.6491065527225562e+01 -1 46 #xyz ev1 fid bid
   0   0.000000000000e+00   0.000000000000e+00   0.000000000000e+00 #flag location
END_ERR 
BEGIN_ERR 
26 Small mesh segment detected on body : Air_box
 Small mesh segment detected on body : Air_box 
 Segment Statistics - Number of Segments : 1 --- Segment length(s) : 0.121258mm. The cutoff frequency for S-Matrix Only Solve is 544.068592115417kHz 
2 -1  27  # nfids, fids[]
2 46  -1  # nbids, bids[]
      4 2 1 0 #ntets ntri ned npts
           9.1721130000000040e-01  -3.9840109000000001e-01   2.6381885709999999e+01 #xyz tv0
           9.1740243719717895e-01  -3.9795056122720546e-01   2.6503142837690064e+01 #xyz tv1
           2.0191794518499804e+00  -9.0464119054212677e-01   2.7056415244780958e+01 #xyz tv2
           7.7394068210915012e-01  -6.3304990369534975e-01   2.6491065527225562e+01 -1 46 #xyz tv3 fid bid
           2.0191794518499804e+00  -9.0464119054212677e-01   2.7056415244780958e+01 #xyz tv0
           9.1721130000000040e-01  -3.9840109000000001e-01   2.6381885709999999e+01 #xyz tv1
           9.9068595000000015e-01  -1.3616665000000006e-01   2.6381885709999999e+01 #xyz tv2
           9.1740243719717895e-01  -3.9795056122720546e-01   2.6503142837690064e+01 -1 46 #xyz tv3 fid bid
           1.4723289059817557e-01  -1.1451176832780349e-01   2.5927289634649291e+01 #xyz tv0
           9.1740243719717895e-01  -3.9795056122720546e-01   2.6503142837690064e+01 #xyz tv1
           9.1721130000000040e-01  -3.9840109000000001e-01   2.6381885709999999e+01 #xyz tv2
           7.7394068210915012e-01  -6.3304990369534975e-01   2.6491065527225562e+01 -1 46 #xyz tv3 fid bid
           1.4723289059817557e-01  -1.1451176832780349e-01   2.5927289634649291e+01 #xyz tv0
           9.1721130000000040e-01  -3.9840109000000001e-01   2.6381885709999999e+01 #xyz tv1
           9.1740243719717895e-01  -3.9795056122720546e-01   2.6503142837690064e+01 #xyz tv2
           9.9068595000000015e-01  -1.3616665000000006e-01   2.6381885709999999e+01 -1 46 #xyz tv3 fid bid
           9.1740243719717895e-01  -3.9795056122720546e-01   2.6503142837690064e+01 #xyz tv0
           9.1721130000000040e-01  -3.9840109000000001e-01   2.6381885709999999e+01 #xyz tv1
           9.9068595000000015e-01  -1.3616665000000006e-01   2.6381885709999999e+01 27 -1 #xyz tv2 fid bid
           9.1740243719717895e-01  -3.9795056122720546e-01   2.6503142837690064e+01 #xyz tv0
           7.7394068210915012e-01  -6.3304990369534975e-01   2.6491065527225562e+01 #xyz tv1
           9.1721130000000040e-01  -3.9840109000000001e-01   2.6381885709999999e+01 27 -1 #xyz tv2 fid bid
           9.1740243719717895e-01  -3.9795056122720546e-01   2.6503142837690064e+01 #xyz ev0
           9.1721130000000040e-01  -3.9840109000000001e-01   2.6381885709999999e+01 -1 46 #xyz ev1 fid bid
   0   0.000000000000e+00   0.000000000000e+00   0.000000000000e+00 #flag location
END_ERR 
BEGIN_ERR 
26 Small mesh segment detected on body : Air_box
 Small mesh segment detected on body : Air_box 
 Segment Statistics - Number of Segments : 1 --- Segment length(s) : 0.177605mm. The cutoff frequency for S-Matrix Only Solve is 544.068592115417kHz 
2 -1  26  # nfids, fids[]
2 46  -1  # nbids, bids[]
      5 2 1 0 #ntets ntri ned npts
           7.7571129000000005e-01  -6.3108794000000001e-01  -9.4606285700000008e+00 #xyz tv0
           5.7668032000000002e-01  -8.1696988999999998e-01  -9.2830235168812489e+00 #xyz tv1
           4.2858401909454118e+00  -5.6348401043364049e+00  -8.2274622403607722e+00 #xyz tv2
           5.7668032000000002e-01  -8.1696988999999998e-01  -9.4606285700000008e+00 -1 46 #xyz tv3 fid bid
           5.7668032000000002e-01  -8.1696988999999998e-01  -9.2830235168812489e+00 #xyz tv0
           5.7668032000000002e-01  -8.1696988999999998e-01  -9.4606285700000008e+00 #xyz tv1
           5.0323501523759750e-02  -4.5860465701047888e+00  -1.0253817800725392e+01 #xyz tv2
           4.2858401909454118e+00  -5.6348401043364049e+00  -8.2274622403607722e+00 -1 46 #xyz tv3 fid bid
           5.7668032000000002e-01  -8.1696988999999998e-01  -9.2830235168812489e+00 #xyz tv0
           7.7571129000000005e-01  -6.3108794000000001e-01  -9.4606285700000008e+00 #xyz tv1
           0.0000000000000000e+00   0.0000000000000000e+00  -1.0000000000000004e+01 #xyz tv2
           5.7668032000000002e-01  -8.1696988999999998e-01  -9.4606285700000008e+00 -1 46 #xyz tv3 fid bid
           5.7668032000000002e-01  -8.1696988999999998e-01  -9.2830235168812489e+00 #xyz tv0
           5.0323501523759750e-02  -4.5860465701047888e+00  -1.0253817800725392e+01 #xyz tv1
           5.7668032000000002e-01  -8.1696988999999998e-01  -9.4606285700000008e+00 #xyz tv2
           3.3487960999999999e-01  -9.4226092000000006e-01  -9.4606285700000008e+00 -1 46 #xyz tv3 fid bid
           0.0000000000000000e+00   0.0000000000000000e+00  -1.0000000000000004e+01 #xyz tv0
           5.7668032000000002e-01  -8.1696988999999998e-01  -9.2830235168812489e+00 #xyz tv1
           5.7668032000000002e-01  -8.1696988999999998e-01  -9.4606285700000008e+00 #xyz tv2
           3.3487960999999999e-01  -9.4226092000000006e-01  -9.4606285700000008e+00 -1 46 #xyz tv3 fid bid
           3.3487960999999999e-01  -9.4226092000000006e-01  -9.4606285700000008e+00 #xyz tv0
           5.7668032000000002e-01  -8.1696988999999998e-01  -9.4606285700000008e+00 #xyz tv1
           5.7668032000000002e-01  -8.1696988999999998e-01  -9.2830235168812489e+00 26 -1 #xyz tv2 fid bid
           7.7571129000000005e-01  -6.3108794000000001e-01  -9.4606285700000008e+00 #xyz tv0
           5.7668032000000002e-01  -8.1696988999999998e-01  -9.2830235168812489e+00 #xyz tv1
           5.7668032000000002e-01  -8.1696988999999998e-01  -9.4606285700000008e+00 26 -1 #xyz tv2 fid bid
           5.7668032000000002e-01  -8.1696988999999998e-01  -9.4606285700000008e+00 #xyz ev0
           5.7668032000000002e-01  -8.1696988999999998e-01  -9.2830235168812489e+00 -1 46 #xyz ev1 fid bid
   0   0.000000000000e+00   0.000000000000e+00   0.000000000000e+00 #flag location
END_ERR 
G3dErrFileVersion 2018P3.1
FlagFileMetaData Begin
   Mesh Size - Setup1, Refinement, Pass #3, Freq. 2.450000e+09 :Title    
   Listing of mesh elements with small segments. :ToolTip  
   hf3d :Author   
   1666556404 :TimeStamp
FlagFileMetaData End
BEGIN_ERR 
26 Small mesh segment detected on body : Air_box
 Small mesh segment detected on body : Air_box 
 Segment Statistics - Number of Segments : 1 --- Segment length(s) : 0.109212mm. The cutoff frequency for S-Matrix Only Solve is 544.068592115417kHz 
2 -1  27  # nfids, fids[]
2 46  -1  # nbids, bids[]
      4 2 1 0 #ntets ntri ned npts
           7.7571129000000005e-01  -6.3108794000000001e-01   2.6381885709999999e+01 #xyz tv0
           1.8504416950964675e+00  -8.6180023485197388e-01   2.7016533202906700e+01 #xyz tv1
           5.7668032000000002e-01  -8.1696988999999998e-01   2.6381885709999999e+01 #xyz tv2
           7.7394068210915012e-01  -6.3304990369534975e-01   2.6491065527225562e+01 -1 46 #xyz tv3 fid bid
           1.4843582177001752e-01  -1.1426180464449669e-01   2.5927014423830951e+01 #xyz tv0
           7.7394068210915012e-01  -6.3304990369534975e-01   2.6491065527225562e+01 #xyz tv1
           7.7571129000000005e-01  -6.3108794000000001e-01   2.6381885709999999e+01 #xyz tv2
           5.7668032000000002e-01  -8.1696988999999998e-01   2.6381885709999999e+01 -1 46 #xyz tv3 fid bid
           7.7571129000000005e-01  -6.3108794000000001e-01   2.6381885709999999e+01 #xyz tv0
           9.1721130000000051e-01  -3.9840109000000001e-01   2.6381885709999999e+01 #xyz tv1
           1.8504416950964675e+00  -8.6180023485197388e-01   2.7016533202906700e+01 #xyz tv2
           7.7394068210915012e-01  -6.3304990369534975e-01   2.6491065527225562e+01 -1 46 #xyz tv3 fid bid
           1.4843582177001752e-01  -1.1426180464449669e-01   2.5927014423830951e+01 #xyz tv0
           7.7571129000000005e-01  -6.3108794000000001e-01   2.6381885709999999e+01 #xyz tv1
           7.7394068210915012e-01  -6.3304990369534975e-01   2.6491065527225562e+01 #xyz tv2
           9.1721130000000051e-01  -3.9840109000000001e-01   2.6381885709999999e+01 -1 46 #xyz tv3 fid bid
           7.7394068210915012e-01  -6.3304990369534975e-01   2.6491065527225562e+01 #xyz tv0
           5.7668032000000002e-01  -8.1696988999999998e-01   2.6381885709999999e+01 #xyz tv1
           7.7571129000000005e-01  -6.3108794000000001e-01   2.6381885709999999e+01 27 -1 #xyz tv2 fid bid
           7.7394068210915012e-01  -6.3304990369534975e-01   2.6491065527225562e+01 #xyz tv0
           7.7571129000000005e-01  -6.3108794000000001e-01   2.6381885709999999e+01 #xyz tv1
           9.1721130000000051e-01  -3.9840109000000001e-01   2.6381885709999999e+01 27 -1 #xyz tv2 fid bid
           7.7571129000000005e-01  -6.3108794000000001e-01   2.6381885709999999e+01 #xyz ev0
           7.7394068210915012e-01  -6.3304990369534975e-01   2.6491065527225562e+01 -1 46 #xyz ev1 fid bid
   0   0.000000000000e+00   0.000000000000e+00   0.000000000000e+00 #flag location
END_ERR 
BEGIN_ERR 
26 Small mesh segment detected on body : Air_box
 Small mesh segment detected on body : Air_box 
 Segment Statistics - Number of Segments : 1 --- Segment length(s) : 0.121258mm. The cutoff frequency for S-Matrix Only Solve is 544.068592115417kHz 
2 -1  27  # nfids, fids[]
2 46  -1  # nbids, bids[]
      4 2 1 0 #ntets ntri ned npts
           1.8504416950964675e+00  -8.6180023485197388e-01   2.7016533202906700e+01 #xyz tv0
           9.1721130000000051e-01  -3.9840109000000001e-01   2.6381885709999999e+01 #xyz tv1
           9.9068595000000015e-01  -1.3616665000000006e-01   2.6381885709999999e+01 #xyz tv2
           9.1740243719717895e-01  -3.9795056122720546e-01   2.6503142837690064e+01 -1 46 #xyz tv3 fid bid
           1.4843582177001752e-01  -1.1426180464449669e-01   2.5927014423830951e+01 #xyz tv0
           9.1721130000000051e-01  -3.9840109000000001e-01   2.6381885709999999e+01 #xyz tv1
           9.1740243719717895e-01  -3.9795056122720546e-01   2.6503142837690064e+01 #xyz tv2
           9.9068595000000015e-01  -1.3616665000000006e-01   2.6381885709999999e+01 -1 46 #xyz tv3 fid bid
           9.1721130000000051e-01  -3.9840109000000001e-01   2.6381885709999999e+01 #xyz tv0
           9.1740243719717895e-01  -3.9795056122720546e-01   2.6503142837690064e+01 #xyz tv1
           1.8504416950964675e+00  -8.6180023485197388e-01   2.7016533202906700e+01 #xyz tv2
           7.7394068210915012e-01  -6.3304990369534975e-01   2.6491065527225562e+01 -1 46 #xyz tv3 fid bid
           1.4843582177001752e-01  -1.1426180464449669e-01   2.5927014423830951e+01 #xyz tv0
           9.1740243719717895e-01  -3.9795056122720546e-01   2.6503142837690064e+01 #xyz tv1
           9.1721130000000051e-01  -3.9840109000000001e-01   2.6381885709999999e+01 #xyz tv2
           7.7394068210915012e-01  -6.3304990369534975e-01   2.6491065527225562e+01 -1 46 #xyz tv3 fid bid
           9.1740243719717895e-01  -3.9795056122720546e-01   2.6503142837690064e+01 #xyz tv0
           9.1721130000000051e-01  -3.9840109000000001e-01   2.6381885709999999e+01 #xyz tv1
           9.9068595000000015e-01  -1.3616665000000006e-01   2.6381885709999999e+01 27 -1 #xyz tv2 fid bid
           9.1740243719717895e-01  -3.9795056122720546e-01   2.6503142837690064e+01 #xyz tv0
           7.7394068210915012e-01  -6.3304990369534975e-01   2.6491065527225562e+01 #xyz tv1
           9.1721130000000051e-01  -3.9840109000000001e-01   2.6381885709999999e+01 27 -1 #xyz tv2 fid bid
           9.1740243719717895e-01  -3.9795056122720546e-01   2.6503142837690064e+01 #xyz ev0
           9.1721130000000051e-01  -3.9840109000000001e-01   2.6381885709999999e+01 -1 46 #xyz ev1 fid bid
   0   0.000000000000e+00   0.000000000000e+00   0.000000000000e+00 #flag location
END_ERR 
BEGIN_ERR 
26 Small mesh segment detected on body : Air_box
 Small mesh segment detected on body : Air_box 
 Segment Statistics - Number of Segments : 1 --- Segment length(s) : 0.177605mm. The cutoff frequency for S-Matrix Only Solve is 544.068592115417kHz 
2 -1  26  # nfids, fids[]
2 46  -1  # nbids, bids[]
      5 2 1 0 #ntets ntri ned npts
           1.9490440462476866e+00  -2.9210532270203293e+00  -9.1316833394796610e+00 #xyz tv0
           5.7668032000000002e-01  -8.1696988999999998e-01  -9.2830235168812489e+00 #xyz tv1
           3.1161465553224843e-01  -3.8530954474758974e+00  -1.0183150352018714e+01 #xyz tv2
           5.7668032000000002e-01  -8.1696988999999998e-01  -9.4606285700000008e+00 -1 46 #xyz tv3 fid bid
           5.7668032000000002e-01  -8.1696988999999998e-01  -9.2830235168812489e+00 #xyz tv0
           3.1161465553224843e-01  -3.8530954474758974e+00  -1.0183150352018714e+01 #xyz tv1
           5.7668032000000002e-01  -8.1696988999999998e-01  -9.4606285700000008e+00 #xyz tv2
           3.3487960999999999e-01  -9.4226092000000006e-01  -9.4606285700000008e+00 -1 46 #xyz tv3 fid bid
           1.9490440462476866e+00  -2.9210532270203293e+00  -9.1316833394796610e+00 #xyz tv0
           7.7571129000000005e-01  -6.3108794000000001e-01  -9.4606285700000008e+00 #xyz tv1
           5.7668032000000002e-01  -8.1696988999999998e-01  -9.2830235168812489e+00 #xyz tv2
           5.7668032000000002e-01  -8.1696988999999998e-01  -9.4606285700000008e+00 -1 46 #xyz tv3 fid bid
           0.0000000000000000e+00   0.0000000000000000e+00  -1.0000000000000004e+01 #xyz tv0
           5.7668032000000002e-01  -8.1696988999999998e-01  -9.2830235168812489e+00 #xyz tv1
           5.7668032000000002e-01  -8.1696988999999998e-01  -9.4606285700000008e+00 #xyz tv2
           3.3487960999999999e-01  -9.4226092000000006e-01  -9.4606285700000008e+00 -1 46 #xyz tv3 fid bid
           5.7668032000000002e-01  -8.1696988999999998e-01  -9.2830235168812489e+00 #xyz tv0
           7.7571129000000005e-01  -6.3108794000000001e-01  -9.4606285700000008e+00 #xyz tv1
           0.0000000000000000e+00   0.0000000000000000e+00  -1.0000000000000004e+01 #xyz tv2
           5.7668032000000002e-01  -8.1696988999999998e-01  -9.4606285700000008e+00 -1 46 #xyz tv3 fid bid
           3.3487960999999999e-01  -9.4226092000000006e-01  -9.4606285700000008e+00 #xyz tv0
           5.7668032000000002e-01  -8.1696988999999998e-01  -9.4606285700000008e+00 #xyz tv1
           5.7668032000000002e-01  -8.1696988999999998e-01  -9.2830235168812489e+00 26 -1 #xyz tv2 fid bid
           7.7571129000000005e-01  -6.3108794000000001e-01  -9.4606285700000008e+00 #xyz tv0
           5.7668032000000002e-01  -8.1696988999999998e-01  -9.2830235168812489e+00 #xyz tv1
           5.7668032000000002e-01  -8.1696988999999998e-01  -9.4606285700000008e+00 26 -1 #xyz tv2 fid bid
           5.7668032000000002e-01  -8.1696988999999998e-01  -9.4606285700000008e+00 #xyz ev0
           5.7668032000000002e-01  -8.1696988999999998e-01  -9.2830235168812489e+00 -1 46 #xyz ev1 fid bid
   0   0.000000000000e+00   0.000000000000e+00   0.000000000000e+00 #flag location
END_ERR 
G3dErrFileVersion 2018P3.1
FlagFileMetaData Begin
   Mesh Size - Setup1, Refinement, Pass #4, Freq. 2.450000e+09 :Title    
   Listing of mesh elements with small segments. :ToolTip  
   hf3d :Author   
   1666556411 :TimeStamp
FlagFileMetaData End
BEGIN_ERR 
26 Small mesh segment detected on body : Air_box
 Small mesh segment detected on body : Air_box 
 Segment Statistics - Number of Segments : 1 --- Segment length(s) : 0.109212mm. The cutoff frequency for S-Matrix Only Solve is 544.068592115417kHz 
2 -1  27  # nfids, fids[]
2 46  -1  # nbids, bids[]
      5 2 1 0 #ntets ntri ned npts
           1.8462803873028111e+00  -1.7958485694116204e+00   2.6202354602452928e+01 #xyz tv0
           7.7394068210915012e-01  -6.3304990369534975e-01   2.6491065527225562e+01 #xyz tv1
           7.7571129000000005e-01  -6.3108794000000001e-01   2.6381885709999999e+01 #xyz tv2
           1.8504416950964675e+00  -8.6180023485197399e-01   2.7016533202906700e+01 -1 46 #xyz tv3 fid bid
           1.8462803873028111e+00  -1.7958485694116204e+00   2.6202354602452928e+01 #xyz tv0
           7.7571129000000005e-01  -6.3108794000000001e-01   2.6381885709999999e+01 #xyz tv1
           7.7394068210915012e-01  -6.3304990369534975e-01   2.6491065527225562e+01 #xyz tv2
           5.7668032000000002e-01  -8.1696988999999998e-01   2.6381885709999999e+01 -1 46 #xyz tv3 fid bid
           7.7571129000000005e-01  -6.3108794000000001e-01   2.6381885709999999e+01 #xyz tv0
           9.1721130000000051e-01  -3.9840109000000001e-01   2.6381885709999999e+01 #xyz tv1
           1.8504416950964675e+00  -8.6180023485197399e-01   2.7016533202906700e+01 #xyz tv2
           7.7394068210915012e-01  -6.3304990369534975e-01   2.6491065527225562e+01 -1 46 #xyz tv3 fid bid
           1.4849596832860965e-01  -1.1424930646033135e-01   2.5927000663290038e+01 #xyz tv0
           7.7394068210915012e-01  -6.3304990369534975e-01   2.6491065527225562e+01 #xyz tv1
           7.7571129000000005e-01  -6.3108794000000001e-01   2.6381885709999999e+01 #xyz tv2
           5.7668032000000002e-01  -8.1696988999999998e-01   2.6381885709999999e+01 -1 46 #xyz tv3 fid bid
           1.4849596832860965e-01  -1.1424930646033135e-01   2.5927000663290038e+01 #xyz tv0
           7.7571129000000005e-01  -6.3108794000000001e-01   2.6381885709999999e+01 #xyz tv1
           7.7394068210915012e-01  -6.3304990369534975e-01   2.6491065527225562e+01 #xyz tv2
           9.1721130000000051e-01  -3.9840109000000001e-01   2.6381885709999999e+01 -1 46 #xyz tv3 fid bid
           7.7394068210915012e-01  -6.3304990369534975e-01   2.6491065527225562e+01 #xyz tv0
           5.7668032000000002e-01  -8.1696988999999998e-01   2.6381885709999999e+01 #xyz tv1
