G3dErrFileVersion 2018P3.1
FlagFileMetaData Begin
   Mesh Size - Setup1, Refinement, Pass #1, Freq. 2.450000e+09 :Title    
   Listing of mesh elements with small segments. :ToolTip  
   hf3d :Author   
   1668863006 :TimeStamp
FlagFileMetaData End
BEGIN_ERR 
26 Small mesh segment detected on body : coax_diel
 Small mesh segment detected on body : coax_diel 
 Segment Statistics - Number of Segments : 1 --- Segment length(s) : 0.026250mm. The cutoff frequency for S-Matrix Only Solve is 1.49896229MHz 
3 -1  427  454  # nfids, fids[]
2 435  -1  # nbids, bids[]
      5 4 1 0 #ntets ntri ned npts
          -6.1246959999999995e-01   7.4625890620768416e+01   2.1767175000000000e-01 #xyz tv0
          -2.0424247300000014e+00   7.4704780220684810e+01   1.4417008099999999e+00 #xyz tv1
          -6.1246959999999995e-01   7.4652140690392770e+01   2.1767175000000000e-01 #xyz tv2
          -6.9687499999999336e-01   7.4565625000000011e+01   1.1243750000000003e+00 -1 435 #xyz tv3 fid bid
          -5.3103043000000005e-01   7.4694574557721495e+01   3.7484221000000018e-01 #xyz tv0
          -6.1246959999999995e-01   7.4625890620768416e+01   2.1767175000000000e-01 #xyz tv1
          -6.1246959999999995e-01   7.4652140690392770e+01   2.1767175000000000e-01 #xyz tv2
          -6.9687499999999336e-01   7.4565625000000011e+01   1.1243750000000003e+00 -1 435 #xyz tv3 fid bid
          -6.1246959999999995e-01   7.4625890620768416e+01   2.1767175000000000e-01 #xyz tv0
          -2.0424247300000014e+00   7.4704780220684810e+01   1.4417008099999999e+00 #xyz tv1
          -6.4848470000000025e-01   7.4633309753651304e+01   4.4357569999999999e-02 #xyz tv2
          -6.1246959999999995e-01   7.4652140690392770e+01   2.1767175000000000e-01 -1 435 #xyz tv3 fid bid
          -6.1246959999999995e-01   7.4652140690392770e+01   2.1767175000000000e-01 #xyz tv0
          -2.5896070999999998e-01   7.4875697144976812e+01   5.9618735000000000e-01 #xyz tv1
          -6.1246959999999995e-01   7.4625890620768416e+01   2.1767175000000000e-01 #xyz tv2
          -5.3103043000000005e-01   7.4694574557721495e+01   3.7484221000000018e-01 -1 435 #xyz tv3 fid bid
          -6.4848470000000025e-01   7.4633309753651304e+01   4.4357569999999999e-02 #xyz tv0
          -2.5896070999999998e-01   7.4875697144976812e+01   5.9618735000000000e-01 #xyz tv1
          -6.1246959999999995e-01   7.4625890620768416e+01   2.1767175000000000e-01 #xyz tv2
          -6.1246959999999995e-01   7.4652140690392770e+01   2.1767175000000000e-01 -1 435 #xyz tv3 fid bid
          -5.3103043000000005e-01   7.4694574557721495e+01   3.7484221000000018e-01 #xyz tv0
          -6.1246959999999995e-01   7.4652140690392770e+01   2.1767175000000000e-01 #xyz tv1
          -6.1246959999999995e-01   7.4625890620768416e+01   2.1767175000000000e-01 427 -1 #xyz tv2 fid bid
          -5.3103043000000005e-01   7.4694574557721495e+01   3.7484221000000018e-01 #xyz tv0
          -6.1246959999999995e-01   7.4652140690392770e+01   2.1767175000000000e-01 #xyz tv1
          -6.1246959999999995e-01   7.4625890620768416e+01   2.1767175000000000e-01 454 -1 #xyz tv2 fid bid
          -6.4848470000000025e-01   7.4633309753651304e+01   4.4357569999999999e-02 #xyz tv0
          -6.1246959999999995e-01   7.4625890620768416e+01   2.1767175000000000e-01 #xyz tv1
          -6.1246959999999995e-01   7.4652140690392770e+01   2.1767175000000000e-01 427 -1 #xyz tv2 fid bid
          -6.4848470000000025e-01   7.4633309753651304e+01   4.4357569999999999e-02 #xyz tv0
          -6.1246959999999995e-01   7.4625890620768416e+01   2.1767175000000000e-01 #xyz tv1
          -6.1246959999999995e-01   7.4652140690392770e+01   2.1767175000000000e-01 454 -1 #xyz tv2 fid bid
          -6.1246959999999995e-01   7.4652140690392770e+01   2.1767175000000000e-01 #xyz ev0
          -6.1246959999999995e-01   7.4625890620768416e+01   2.1767175000000000e-01 -1 435 #xyz ev1 fid bid
   0   0.000000000000e+00   0.000000000000e+00   0.000000000000e+00 #flag location
END_ERR 
BEGIN_ERR 
26 Small mesh segment detected on body : coax_diel
 Small mesh segment detected on body : coax_diel 
 Segment Statistics - Number of Segments : 1 --- Segment length(s) : 0.036380mm. The cutoff frequency for S-Matrix Only Solve is 1.49896229MHz 
3 -1  427  454  # nfids, fids[]
2 435  -1  # nbids, bids[]
      5 4 1 0 #ntets ntri ned npts
           3.3772956999999998e-01   8.6147491163791074e+01  -5.5537261000000027e-01 #xyz tv0
           2.1533926700000001e+00   8.5687750000000023e+01  -1.2700000000000000e+00 #xyz tv1
           3.3772956999999998e-01   8.6111111109999996e+01  -5.5537261000000027e-01 #xyz tv2
           4.7504338000000002e-01   8.6111111109999996e+01  -4.4365953999999996e-01 -1 435 #xyz tv3 fid bid
           8.4779304000000033e-01   8.5365100747678412e+01  -2.3518603200000006e+00 #xyz tv0
           1.7536789999999999e-01   8.6111111109999996e+01  -6.2589623999999999e-01 #xyz tv1
           3.3772956999999998e-01   8.6147491163791074e+01  -5.5537261000000027e-01 #xyz tv2
           3.3772956999999998e-01   8.6111111109999996e+01  -5.5537261000000027e-01 -1 435 #xyz tv3 fid bid
           3.3772956999999998e-01   8.6147491163791074e+01  -5.5537261000000027e-01 #xyz tv0
           3.3772956999999998e-01   8.6111111109999996e+01  -5.5537261000000027e-01 #xyz tv1
           2.1533926700000001e+00   8.5687750000000023e+01  -1.2700000000000000e+00 #xyz tv2
           8.4779304000000033e-01   8.5365100747678412e+01  -2.3518603200000006e+00 -1 435 #xyz tv3 fid bid
           3.3772956999999998e-01   8.6147491163791074e+01  -5.5537261000000027e-01 #xyz tv0
           3.3772956999999998e-01   8.6111111109999996e+01  -5.5537261000000027e-01 #xyz tv1
           1.3877787807814457e-15   8.6412500000000051e+01   4.2750000000000304e-01 #xyz tv2
           4.7504338000000002e-01   8.6111111109999996e+01  -4.4365953999999996e-01 -1 435 #xyz tv3 fid bid
           3.3772956999999998e-01   8.6147491163791074e+01  -5.5537261000000027e-01 #xyz tv0
           1.3877787807814457e-15   8.6412500000000051e+01   4.2750000000000304e-01 #xyz tv1
           3.3772956999999998e-01   8.6111111109999996e+01  -5.5537261000000027e-01 #xyz tv2
           1.7536789999999999e-01   8.6111111109999996e+01  -6.2589623999999999e-01 -1 435 #xyz tv3 fid bid
           3.3772956999999998e-01   8.6111111109999996e+01  -5.5537261000000027e-01 #xyz tv0
           1.7536789999999999e-01   8.6111111109999996e+01  -6.2589623999999999e-01 #xyz tv1
           3.3772956999999998e-01   8.6147491163791074e+01  -5.5537261000000027e-01 427 -1 #xyz tv2 fid bid
           3.3772956999999998e-01   8.6111111109999996e+01  -5.5537261000000027e-01 #xyz tv0
           1.7536789999999999e-01   8.6111111109999996e+01  -6.2589623999999999e-01 #xyz tv1
           3.3772956999999998e-01   8.6147491163791074e+01  -5.5537261000000027e-01 454 -1 #xyz tv2 fid bid
           4.7504338000000002e-01   8.6111111109999996e+01  -4.4365953999999996e-01 #xyz tv0
           3.3772956999999998e-01   8.6111111109999996e+01  -5.5537261000000027e-01 #xyz tv1
           3.3772956999999998e-01   8.6147491163791074e+01  -5.5537261000000027e-01 427 -1 #xyz tv2 fid bid
           4.7504338000000002e-01   8.6111111109999996e+01  -4.4365953999999996e-01 #xyz tv0
           3.3772956999999998e-01   8.6111111109999996e+01  -5.5537261000000027e-01 #xyz tv1
           3.3772956999999998e-01   8.6147491163791074e+01  -5.5537261000000027e-01 454 -1 #xyz tv2 fid bid
           3.3772956999999998e-01   8.6147491163791074e+01  -5.5537261000000027e-01 #xyz ev0
           3.3772956999999998e-01   8.6111111109999996e+01  -5.5537261000000027e-01 -1 435 #xyz ev1 fid bid
   0   0.000000000000e+00   0.000000000000e+00   0.000000000000e+00 #flag location
END_ERR 
BEGIN_ERR 
26 Small mesh segment detected on body : coax_diel
 Small mesh segment detected on body : coax_diel 
 Segment Statistics - Number of Segments : 1 --- Segment length(s) : 0.037554mm. The cutoff frequency for S-Matrix Only Solve is 1.49896229MHz 
3 -1  427  454  # nfids, fids[]
2 435  -1  # nbids, bids[]
      3 4 1 0 #ntets ntri ned npts
           3.3772956999999998e-01   8.8926442493640806e+01  -5.5537261000000027e-01 #xyz tv0
           4.7504338000000002e-01   8.8888888890000004e+01  -4.4365953999999996e-01 #xyz tv1
           1.5951126499999999e+00   8.8392058063004995e+01  -1.9249975700000002e+00 #xyz tv2
           3.3772956999999998e-01   8.8888888890000004e+01  -5.5537261000000027e-01 -1 435 #xyz tv3 fid bid
           1.7536789999999999e-01   8.8888888890000004e+01  -6.2589623999999999e-01 #xyz tv0
           3.3772956999999998e-01   8.8926442493640806e+01  -5.5537261000000027e-01 #xyz tv1
           1.5951126499999999e+00   8.8392058063004995e+01  -1.9249975700000002e+00 #xyz tv2
           3.3772956999999998e-01   8.8888888890000004e+01  -5.5537261000000027e-01 -1 435 #xyz tv3 fid bid
           4.7504338000000002e-01   8.8888888890000004e+01  -4.4365953999999996e-01 #xyz tv0
           3.3772956999999998e-01   8.8926442493640806e+01  -5.5537261000000027e-01 #xyz tv1
           1.7536789999999999e-01   8.8888888890000004e+01  -6.2589623999999999e-01 #xyz tv2
           3.3772956999999998e-01   8.8888888890000004e+01  -5.5537261000000027e-01 -1 435 #xyz tv3 fid bid
           3.3772956999999998e-01   8.8888888890000004e+01  -5.5537261000000027e-01 #xyz tv0
           1.7536789999999999e-01   8.8888888890000004e+01  -6.2589623999999999e-01 #xyz tv1
           3.3772956999999998e-01   8.8926442493640806e+01  -5.5537261000000027e-01 427 -1 #xyz tv2 fid bid
           3.3772956999999998e-01   8.8888888890000004e+01  -5.5537261000000027e-01 #xyz tv0
           1.7536789999999999e-01   8.8888888890000004e+01  -6.2589623999999999e-01 #xyz tv1
           3.3772956999999998e-01   8.8926442493640806e+01  -5.5537261000000027e-01 454 -1 #xyz tv2 fid bid
           4.7504338000000002e-01   8.8888888890000004e+01  -4.4365953999999996e-01 #xyz tv0
           3.3772956999999998e-01   8.8888888890000004e+01  -5.5537261000000027e-01 #xyz tv1
           3.3772956999999998e-01   8.8926442493640806e+01  -5.5537261000000027e-01 427 -1 #xyz tv2 fid bid
           4.7504338000000002e-01   8.8888888890000004e+01  -4.4365953999999996e-01 #xyz tv0
           3.3772956999999998e-01   8.8888888890000004e+01  -5.5537261000000027e-01 #xyz tv1
           3.3772956999999998e-01   8.8926442493640806e+01  -5.5537261000000027e-01 454 -1 #xyz tv2 fid bid
           3.3772956999999998e-01   8.8926442493640806e+01  -5.5537261000000027e-01 #xyz ev0
           3.3772956999999998e-01   8.8888888890000004e+01  -5.5537261000000027e-01 -1 435 #xyz ev1 fid bid
   0   0.000000000000e+00   0.000000000000e+00   0.000000000000e+00 #flag location
END_ERR 
BEGIN_ERR 
26 Small mesh segment detected on body : coax_diel
 Small mesh segment detected on body : coax_diel 
 Segment Statistics - Number of Segments : 1 --- Segment length(s) : 0.058602mm. The cutoff frequency for S-Matrix Only Solve is 1.49896229MHz 
3 -1  427  454  # nfids, fids[]
2 435  -1  # nbids, bids[]
      6 4 1 0 #ntets ntri ned npts
           6.4848470000000025e-01   8.3208119719619276e+01   4.4357569999999999e-02 #xyz tv0
           1.4064910802631596e+00   8.3483302521906040e+01   4.3193198789473819e-01 #xyz tv1
           6.1246959999999995e-01   8.3263827623626156e+01   2.1767175000000000e-01 #xyz tv2
           6.4848470000000025e-01   8.3266721438971047e+01   4.4357569999999999e-02 -1 435 #xyz tv3 fid bid
           6.4848470000000025e-01   8.3208119719619276e+01   4.4357569999999999e-02 #xyz tv0
           6.4848470000000025e-01   8.3266721438971047e+01   4.4357569999999999e-02 #xyz tv1
           6.1246959999999995e-01   8.3263827623626156e+01   2.1767175000000000e-01 #xyz tv2
           5.3103043000000005e-01   8.3333333330000002e+01   3.7484221000000018e-01 -1 435 #xyz tv3 fid bid
           6.4848470000000025e-01   8.3208119719619276e+01   4.4357569999999999e-02 #xyz tv0
           1.4064910802631596e+00   8.3483302521906040e+01   4.3193198789473819e-01 #xyz tv1
           6.4848470000000025e-01   8.3266721438971047e+01   4.4357569999999999e-02 #xyz tv2
           6.3640465999999996e-01   8.3133985036896547e+01  -1.3224641000000004e-01 -1 435 #xyz tv3 fid bid
           6.4848470000000025e-01   8.3208119719619276e+01   4.4357569999999999e-02 #xyz tv0
           8.8508320000000043e-02   8.3333333330000002e+01   6.4394585999999998e-01 #xyz tv1
           6.4848470000000025e-01   8.3266721438971047e+01   4.4357569999999999e-02 #xyz tv2
           5.3103043000000005e-01   8.3333333330000002e+01   3.7484221000000018e-01 -1 435 #xyz tv3 fid bid
           6.4848470000000025e-01   8.3208119719619276e+01   4.4357569999999999e-02 #xyz tv0
           6.4848470000000025e-01   8.3266721438971047e+01   4.4357569999999999e-02 #xyz tv1
           4.7504338000000002e-01   8.2928125000000023e+01  -4.4365953999999996e-01 #xyz tv2
           6.3640465999999996e-01   8.3133985036896547e+01  -1.3224641000000004e-01 -1 435 #xyz tv3 fid bid
           6.4848470000000025e-01   8.3208119719619276e+01   4.4357569999999999e-02 #xyz tv0
           6.4848470000000025e-01   8.3266721438971047e+01   4.4357569999999999e-02 #xyz tv1
           8.8508320000000043e-02   8.3333333330000002e+01   6.4394585999999998e-01 #xyz tv2
           4.7504338000000002e-01   8.2928125000000023e+01  -4.4365953999999996e-01 -1 435 #xyz tv3 fid bid
           6.4848470000000025e-01   8.3208119719619276e+01   4.4357569999999999e-02 #xyz tv0
           6.3640465999999996e-01   8.3133985036896547e+01  -1.3224641000000004e-01 #xyz tv1
           6.4848470000000025e-01   8.3266721438971047e+01   4.4357569999999999e-02 427 -1 #xyz tv2 fid bid
           6.4848470000000025e-01   8.3208119719619276e+01   4.4357569999999999e-02 #xyz tv0
           6.3640465999999996e-01   8.3133985036896547e+01  -1.3224641000000004e-01 #xyz tv1
           6.4848470000000025e-01   8.3266721438971047e+01   4.4357569999999999e-02 454 -1 #xyz tv2 fid bid
           6.4848470000000025e-01   8.3208119719619276e+01   4.4357569999999999e-02 #xyz tv0
           6.4848470000000025e-01   8.3266721438971047e+01   4.4357569999999999e-02 #xyz tv1
           6.1246959999999995e-01   8.3263827623626156e+01   2.1767175000000000e-01 427 -1 #xyz tv2 fid bid
           6.4848470000000025e-01   8.3208119719619276e+01   4.4357569999999999e-02 #xyz tv0
           6.4848470000000025e-01   8.3266721438971047e+01   4.4357569999999999e-02 #xyz tv1
           6.1246959999999995e-01   8.3263827623626156e+01   2.1767175000000000e-01 454 -1 #xyz tv2 fid bid
           6.4848470000000025e-01   8.3266721438971047e+01   4.4357569999999999e-02 #xyz ev0
           6.4848470000000025e-01   8.3208119719619276e+01   4.4357569999999999e-02 -1 435 #xyz ev1 fid bid
   0   0.000000000000e+00   0.000000000000e+00   0.000000000000e+00 #flag location
END_ERR 
BEGIN_ERR 
26 Small mesh segment detected on body : coax_diel
 Small mesh segment detected on body : coax_diel 
 Segment Statistics - Number of Segments : 1 --- Segment length(s) : 0.061902mm. The cutoff frequency for S-Matrix Only Solve is 1.49896229MHz 
3 -1  427  454  # nfids, fids[]
2 435  -1  # nbids, bids[]
      4 4 1 0 #ntets ntri ned npts
           2.5896070999999998e-01   6.9062190999383404e+01   5.9618735000000000e-01 #xyz tv0
           4.1020716000000002e-01   6.8940427562041521e+01   5.0421234000000004e-01 #xyz tv1
           4.1020716000000002e-01   6.8878525629245374e+01   5.0421234000000004e-01 #xyz tv2
           3.4041662000000006e-01   7.0000000000000000e+01   2.4767148699999999e+00 -1 435 #xyz tv3 fid bid
           4.1020716000000002e-01   6.8878525629245374e+01   5.0421234000000004e-01 #xyz tv0
           5.3103043000000005e-01   6.8734660820791689e+01   3.7484221000000018e-01 #xyz tv1
           3.4041662000000006e-01   7.0000000000000000e+01   2.4767148699999999e+00 #xyz tv2
           4.1020716000000002e-01   6.8940427562041521e+01   5.0421234000000004e-01 -1 435 #xyz tv3 fid bid
           4.1020716000000002e-01   6.8878525629245374e+01   5.0421234000000004e-01 #xyz tv0
           6.9388939039072284e-15   6.9687500000000000e+01   4.2750000000000010e-01 #xyz tv1
           4.1020716000000002e-01   6.8940427562041521e+01   5.0421234000000004e-01 #xyz tv2
           2.5896070999999998e-01   6.9062190999383404e+01   5.9618735000000000e-01 -1 435 #xyz tv3 fid bid
           4.1020716000000002e-01   6.8878525629245374e+01   5.0421234000000004e-01 #xyz tv0
           4.1020716000000002e-01   6.8940427562041521e+01   5.0421234000000004e-01 #xyz tv1
           6.9388939039072284e-15   6.9687500000000000e+01   4.2750000000000010e-01 #xyz tv2
           5.3103043000000005e-01   6.8734660820791689e+01   3.7484221000000018e-01 -1 435 #xyz tv3 fid bid
           2.5896070999999998e-01   6.9062190999383404e+01   5.9618735000000000e-01 #xyz tv0
           4.1020716000000002e-01   6.8878525629245374e+01   5.0421234000000004e-01 #xyz tv1
           4.1020716000000002e-01   6.8940427562041521e+01   5.0421234000000004e-01 427 -1 #xyz tv2 fid bid
           2.5896070999999998e-01   6.9062190999383404e+01   5.9618735000000000e-01 #xyz tv0
           4.1020716000000002e-01   6.8878525629245374e+01   5.0421234000000004e-01 #xyz tv1
           4.1020716000000002e-01   6.8940427562041521e+01   5.0421234000000004e-01 454 -1 #xyz tv2 fid bid
           4.1020716000000002e-01   6.8878525629245374e+01   5.0421234000000004e-01 #xyz tv0
           5.3103043000000005e-01   6.8734660820791689e+01   3.7484221000000018e-01 #xyz tv1
           4.1020716000000002e-01   6.8940427562041521e+01   5.0421234000000004e-01 427 -1 #xyz tv2 fid bid
           4.1020716000000002e-01   6.8878525629245374e+01   5.0421234000000004e-01 #xyz tv0
           5.3103043000000005e-01   6.8734660820791689e+01   3.7484221000000018e-01 #xyz tv1
           4.1020716000000002e-01   6.8940427562041521e+01   5.0421234000000004e-01 454 -1 #xyz tv2 fid bid
           4.1020716000000002e-01   6.8878525629245374e+01   5.0421234000000004e-01 #xyz ev0
           4.1020716000000002e-01   6.8940427562041521e+01   5.0421234000000004e-01 -1 435 #xyz ev1 fid bid
   0   0.000000000000e+00   0.000000000000e+00   0.000000000000e+00 #flag location
END_ERR 
BEGIN_ERR 
26 Small mesh segment detected on body : coax_diel
 Small mesh segment detected on body : coax_diel 
 Segment Statistics - Number of Segments : 1 --- Segment length(s) : 0.066612mm. The cutoff frequency for S-Matrix Only Solve is 1.49896229MHz 
3 -1  427  454  # nfids, fids[]
2 435  -1  # nbids, bids[]
      6 4 1 0 #ntets ntri ned npts
           6.4848470000000025e-01   8.3266721438971047e+01   4.4357569999999999e-02 #xyz tv0
           6.4848470000000025e-01   8.3333333330000002e+01   4.4357569999999999e-02 #xyz tv1
           6.3640465999999996e-01   8.3133985036896547e+01  -1.3224641000000004e-01 #xyz tv2
           1.4064910802631596e+00   8.3483302521906040e+01   4.3193198789473819e-01 -1 435 #xyz tv3 fid bid
           6.4848470000000025e-01   8.3266721438971047e+01   4.4357569999999999e-02 #xyz tv0
           6.1246959999999995e-01   8.3333333330000002e+01   2.1767175000000000e-01 #xyz tv1
           6.4848470000000025e-01   8.3333333330000002e+01   4.4357569999999999e-02 #xyz tv2
           1.4064910802631596e+00   8.3483302521906040e+01   4.3193198789473819e-01 -1 435 #xyz tv3 fid bid
           6.4848470000000025e-01   8.3266721438971047e+01   4.4357569999999999e-02 #xyz tv0
           6.3640465999999996e-01   8.3133985036896547e+01  -1.3224641000000004e-01 #xyz tv1
           6.4848470000000025e-01   8.3333333330000002e+01   4.4357569999999999e-02 #xyz tv2
           4.7504338000000002e-01   8.2928125000000023e+01  -4.4365953999999996e-01 -1 435 #xyz tv3 fid bid
           8.8508320000000043e-02   8.3333333330000002e+01   6.4394585999999998e-01 #xyz tv0
           6.4848470000000025e-01   8.3333333330000002e+01   4.4357569999999999e-02 #xyz tv1
           6.4848470000000025e-01   8.3266721438971047e+01   4.4357569999999999e-02 #xyz tv2
           6.1246959999999995e-01   8.3333333330000002e+01   2.1767175000000000e-01 -1 435 #xyz tv3 fid bid
           6.4848470000000025e-01   8.3266721438971047e+01   4.4357569999999999e-02 #xyz tv0
           6.4848470000000025e-01   8.3333333330000002e+01   4.4357569999999999e-02 #xyz tv1
          -8.8508320000000043e-02   8.3333333330000002e+01   6.4394585999999998e-01 #xyz tv2
           4.7504338000000002e-01   8.2928125000000023e+01  -4.4365953999999996e-01 -1 435 #xyz tv3 fid bid
           8.8508320000000043e-02   8.3333333330000002e+01   6.4394585999999998e-01 #xyz tv0
           6.4848470000000025e-01   8.3266721438971047e+01   4.4357569999999999e-02 #xyz tv1
           6.4848470000000025e-01   8.3333333330000002e+01   4.4357569999999999e-02 #xyz tv2
          -8.8508320000000043e-02   8.3333333330000002e+01   6.4394585999999998e-01 -1 435 #xyz tv3 fid bid
           6.4848470000000025e-01   8.3266721438971047e+01   4.4357569999999999e-02 #xyz tv0
           6.3640465999999996e-01   8.3133985036896547e+01  -1.3224641000000004e-01 #xyz tv1
           6.4848470000000025e-01   8.3333333330000002e+01   4.4357569999999999e-02 427 -1 #xyz tv2 fid bid
           6.4848470000000025e-01   8.3266721438971047e+01   4.4357569999999999e-02 #xyz tv0
           6.3640465999999996e-01   8.3133985036896547e+01  -1.3224641000000004e-01 #xyz tv1
           6.4848470000000025e-01   8.3333333330000002e+01   4.4357569999999999e-02 454 -1 #xyz tv2 fid bid
           6.4848470000000025e-01   8.3266721438971047e+01   4.4357569999999999e-02 #xyz tv0
           6.4848470000000025e-01   8.3333333330000002e+01   4.4357569999999999e-02 #xyz tv1
           6.1246959999999995e-01   8.3333333330000002e+01   2.1767175000000000e-01 427 -1 #xyz tv2 fid bid
           6.4848470000000025e-01   8.3266721438971047e+01   4.4357569999999999e-02 #xyz tv0
           6.4848470000000025e-01   8.3333333330000002e+01   4.4357569999999999e-02 #xyz tv1
           6.1246959999999995e-01   8.3333333330000002e+01   2.1767175000000000e-01 454 -1 #xyz tv2 fid bid
           6.4848470000000025e-01   8.3333333330000002e+01   4.4357569999999999e-02 #xyz ev0
           6.4848470000000025e-01   8.3266721438971047e+01   4.4357569999999999e-02 -1 435 #xyz ev1 fid bid
   0   0.000000000000e+00   0.000000000000e+00   0.000000000000e+00 #flag location
END_ERR 
BEGIN_ERR 
26 Small mesh segment detected on body : coax_diel
 Small mesh segment detected on body : coax_diel 
 Segment Statistics - Number of Segments : 1 --- Segment length(s) : 0.069506mm. The cutoff frequency for S-Matrix Only Solve is 1.49896229MHz 
3 -1  427  454  # nfids, fids[]
2 435  -1  # nbids, bids[]
      3 4 1 0 #ntets ntri ned npts
           6.4848470000000025e-01   8.3266721438971047e+01   4.4357569999999999e-02 #xyz tv0
           6.1246959999999995e-01   8.3333333330000002e+01   2.1767175000000000e-01 #xyz tv1
           1.4064910802631596e+00   8.3483302521906040e+01   4.3193198789473819e-01 #xyz tv2
           6.1246959999999995e-01   8.3263827623626156e+01   2.1767175000000000e-01 -1 435 #xyz tv3 fid bid
           1.4064910802631596e+00   8.3483302521906040e+01   4.3193198789473819e-01 #xyz tv0
           6.1246959999999995e-01   8.3333333330000002e+01   2.1767175000000000e-01 #xyz tv1
           5.3103043000000005e-01   8.3333333330000002e+01   3.7484221000000018e-01 #xyz tv2
           6.1246959999999995e-01   8.3263827623626156e+01   2.1767175000000000e-01 -1 435 #xyz tv3 fid bid
           6.4848470000000025e-01   8.3266721438971047e+01   4.4357569999999999e-02 #xyz tv0
           5.3103043000000005e-01   8.3333333330000002e+01   3.7484221000000018e-01 #xyz tv1
           6.1246959999999995e-01   8.3333333330000002e+01   2.1767175000000000e-01 #xyz tv2
           6.1246959999999995e-01   8.3263827623626156e+01   2.1767175000000000e-01 -1 435 #xyz tv3 fid bid
           5.3103043000000005e-01   8.3333333330000002e+01   3.7484221000000018e-01 #xyz tv0
           6.1246959999999995e-01   8.3263827623626156e+01   2.1767175000000000e-01 #xyz tv1
           6.1246959999999995e-01   8.3333333330000002e+01   2.1767175000000000e-01 427 -1 #xyz tv2 fid bid
           5.3103043000000005e-01   8.3333333330000002e+01   3.7484221000000018e-01 #xyz tv0
           6.1246959999999995e-01   8.3263827623626156e+01   2.1767175000000000e-01 #xyz tv1
           6.1246959999999995e-01   8.3333333330000002e+01   2.1767175000000000e-01 454 -1 #xyz tv2 fid bid
           6.4848470000000025e-01   8.3266721438971047e+01   4.4357569999999999e-02 #xyz tv0
           6.1246959999999995e-01   8.3333333330000002e+01   2.1767175000000000e-01 #xyz tv1
           6.1246959999999995e-01   8.3263827623626156e+01   2.1767175000000000e-01 427 -1 #xyz tv2 fid bid
           6.4848470000000025e-01   8.3266721438971047e+01   4.4357569999999999e-02 #xyz tv0
           6.1246959999999995e-01   8.3333333330000002e+01   2.1767175000000000e-01 #xyz tv1
           6.1246959999999995e-01   8.3263827623626156e+01   2.1767175000000000e-01 454 -1 #xyz tv2 fid bid
           6.1246959999999995e-01   8.3263827623626156e+01   2.1767175000000000e-01 #xyz ev0
           6.1246959999999995e-01   8.3333333330000002e+01   2.1767175000000000e-01 -1 435 #xyz ev1 fid bid
   0   0.000000000000e+00   0.000000000000e+00   0.000000000000e+00 #flag location
END_ERR 
BEGIN_ERR 
26 Small mesh segment detected on body : coax_diel
 Small mesh segment detected on body : coax_diel 
 Segment Statistics - Number of Segments : 1 --- Segment length(s) : 0.093478mm. The cutoff frequency for S-Matrix Only Solve is 1.49896229MHz 
3 -1  427  454  # nfids, fids[]
2 435  -1  # nbids, bids[]
      4 4 1 0 #ntets ntri ned npts
           1.7536789999999999e-01   5.5649033676235469e+01  -6.2589623999999999e-01 #xyz tv0
           3.3772956999999998e-01   5.5555555560000002e+01  -5.5537261000000027e-01 #xyz tv1
           4.8314049736845173e-02   5.5647979191968005e+01  -1.1648300555263160e+00 #xyz tv2
           1.7536789999999999e-01   5.5555555560000002e+01  -6.2589623999999999e-01 -1 435 #xyz tv3 fid bid
           1.7536789999999999e-01   5.5649033676235469e+01  -6.2589623999999999e-01 #xyz tv0
           0.0000000000000000e+00   5.5555555560000002e+01  -6.5000000000000013e-01 #xyz tv1
           1.7536789999999999e-01   5.5555555560000002e+01  -6.2589623999999999e-01 #xyz tv2
           4.8314049736845173e-02   5.5647979191968005e+01  -1.1648300555263160e+00 -1 435 #xyz tv3 fid bid
           1.7536789999999999e-01   5.5649033676235469e+01  -6.2589623999999999e-01 #xyz tv0
           3.3772956999999998e-01   5.5555555560000002e+01  -5.5537261000000027e-01 #xyz tv1
           1.7536789999999999e-01   5.5555555560000002e+01  -6.2589623999999999e-01 #xyz tv2
           5.5511151231257827e-15   5.5750000000000000e+01   4.2750000000000077e-01 -1 435 #xyz tv3 fid bid
           1.7536789999999999e-01   5.5649033676235469e+01  -6.2589623999999999e-01 #xyz tv0
           0.0000000000000000e+00   5.5555555560000002e+01  -6.5000000000000013e-01 #xyz tv1
           5.5511151231257827e-15   5.5750000000000000e+01   4.2750000000000077e-01 #xyz tv2
           1.7536789999999999e-01   5.5555555560000002e+01  -6.2589623999999999e-01 -1 435 #xyz tv3 fid bid
           0.0000000000000000e+00   5.5555555560000002e+01  -6.5000000000000013e-01 #xyz tv0
           1.7536789999999999e-01   5.5649033676235469e+01  -6.2589623999999999e-01 #xyz tv1
           1.7536789999999999e-01   5.5555555560000002e+01  -6.2589623999999999e-01 427 -1 #xyz tv2 fid bid
           0.0000000000000000e+00   5.5555555560000002e+01  -6.5000000000000013e-01 #xyz tv0
           1.7536789999999999e-01   5.5649033676235469e+01  -6.2589623999999999e-01 #xyz tv1
           1.7536789999999999e-01   5.5555555560000002e+01  -6.2589623999999999e-01 454 -1 #xyz tv2 fid bid
           1.7536789999999999e-01   5.5649033676235469e+01  -6.2589623999999999e-01 #xyz tv0
           3.3772956999999998e-01   5.5555555560000002e+01  -5.5537261000000027e-01 #xyz tv1
           1.7536789999999999e-01   5.5555555560000002e+01  -6.2589623999999999e-01 427 -1 #xyz tv2 fid bid
           1.7536789999999999e-01   5.5649033676235469e+01  -6.2589623999999999e-01 #xyz tv0
           3.3772956999999998e-01   5.5555555560000002e+01  -5.5537261000000027e-01 #xyz tv1
           1.7536789999999999e-01   5.5555555560000002e+01  -6.2589623999999999e-01 454 -1 #xyz tv2 fid bid
           1.7536789999999999e-01   5.5649033676235469e+01  -6.2589623999999999e-01 #xyz ev0
           1.7536789999999999e-01   5.5555555560000002e+01  -6.2589623999999999e-01 -1 435 #xyz ev1 fid bid
   0   0.000000000000e+00   0.000000000000e+00   0.000000000000e+00 #flag location
END_ERR 
BEGIN_ERR 
26 Small mesh segment detected on body : coax_diel
 Small mesh segment detected on body : coax_diel 
 Segment Statistics - Number of Segments : 1 --- Segment length(s) : 0.100802mm. The cutoff frequency for S-Matrix Only Solve is 1.49896229MHz 
3 -1  427  454  # nfids, fids[]
2 435  -1  # nbids, bids[]
      5 4 1 0 #ntets ntri ned npts
          -4.7504338000000002e-01   9.4444444439999998e+01  -4.4365953999999996e-01 #xyz tv0
          -3.3772956999999998e-01   9.4343642572107939e+01  -5.5537261000000027e-01 #xyz tv1
          -3.3772956999999998e-01   9.4444444439999998e+01  -5.5537261000000027e-01 #xyz tv2
          -2.1533926700000001e+00   9.5543235000000053e+01  -1.2700000000000000e+00 -1 435 #xyz tv3 fid bid
          -3.3772956999999998e-01   9.4343642572107939e+01  -5.5537261000000027e-01 #xyz tv0
          -3.3772956999999998e-01   9.4444444439999998e+01  -5.5537261000000027e-01 #xyz tv1
          -6.1246959999999995e-01   9.4444444439999998e+01   2.1767175000000000e-01 #xyz tv2
          -4.7504338000000002e-01   9.4444444439999998e+01  -4.4365953999999996e-01 -1 435 #xyz tv3 fid bid
          -3.3772956999999998e-01   9.4343642572107939e+01  -5.5537261000000027e-01 #xyz tv0
          -1.7536789999999999e-01   9.4444444439999998e+01  -6.2589623999999999e-01 #xyz tv1
          -3.3772956999999998e-01   9.4444444439999998e+01  -5.5537261000000027e-01 #xyz tv2
          -2.1533926700000001e+00   9.5543235000000053e+01  -1.2700000000000000e+00 -1 435 #xyz tv3 fid bid
          -3.3772956999999998e-01   9.4343642572107939e+01  -5.5537261000000027e-01 #xyz tv0
          -6.1246959999999995e-01   9.4444444439999998e+01   2.1767175000000000e-01 #xyz tv1
          -3.3772956999999998e-01   9.4444444439999998e+01  -5.5537261000000027e-01 #xyz tv2
          -5.3103043000000005e-01   9.4444444439999998e+01   3.7484221000000018e-01 -1 435 #xyz tv3 fid bid
          -3.3772956999999998e-01   9.4343642572107939e+01  -5.5537261000000027e-01 #xyz tv0
          -1.7536789999999999e-01   9.4444444439999998e+01  -6.2589623999999999e-01 #xyz tv1
          -5.3103043000000005e-01   9.4444444439999998e+01   3.7484221000000018e-01 #xyz tv2
          -3.3772956999999998e-01   9.4444444439999998e+01  -5.5537261000000027e-01 -1 435 #xyz tv3 fid bid
          -4.7504338000000002e-01   9.4444444439999998e+01  -4.4365953999999996e-01 #xyz tv0
          -3.3772956999999998e-01   9.4444444439999998e+01  -5.5537261000000027e-01 #xyz tv1
          -3.3772956999999998e-01   9.4343642572107939e+01  -5.5537261000000027e-01 427 -1 #xyz tv2 fid bid
          -4.7504338000000002e-01   9.4444444439999998e+01  -4.4365953999999996e-01 #xyz tv0
          -3.3772956999999998e-01   9.4444444439999998e+01  -5.5537261000000027e-01 #xyz tv1
          -3.3772956999999998e-01   9.4343642572107939e+01  -5.5537261000000027e-01 454 -1 #xyz tv2 fid bid
          -3.3772956999999998e-01   9.4343642572107939e+01  -5.5537261000000027e-01 #xyz tv0
          -3.3772956999999998e-01   9.4444444439999998e+01  -5.5537261000000027e-01 #xyz tv1
          -1.7536789999999999e-01   9.4444444439999998e+01  -6.2589623999999999e-01 427 -1 #xyz tv2 fid bid
          -3.3772956999999998e-01   9.4343642572107939e+01  -5.5537261000000027e-01 #xyz tv0
          -3.3772956999999998e-01   9.4444444439999998e+01  -5.5537261000000027e-01 #xyz tv1
          -1.7536789999999999e-01   9.4444444439999998e+01  -6.2589623999999999e-01 454 -1 #xyz tv2 fid bid
          -3.3772956999999998e-01   9.4444444439999998e+01  -5.5537261000000027e-01 #xyz ev0
          -3.3772956999999998e-01   9.4343642572107939e+01  -5.5537261000000027e-01 -1 435 #xyz ev1 fid bid
   0   0.000000000000e+00   0.000000000000e+00   0.000000000000e+00 #flag location
END_ERR 
G3dErrFileVersion 2018P3.1
FlagFileMetaData Begin
   Mesh Size - Setup1, Refinement, Pass #2, Freq. 2.450000e+09 :Title    
   Listing of mesh elements with small segments. :ToolTip  
   hf3d :Author   
   1668863022 :TimeStamp
FlagFileMetaData End
BEGIN_ERR 
26 Small mesh segment detected on body : coax_diel
 Small mesh segment detected on body : coax_diel 
 Segment Statistics - Number of Segments : 1 --- Segment length(s) : 0.026250mm. The cutoff frequency for S-Matrix Only Solve is 1.49896229MHz 
3 -1  427  454  # nfids, fids[]
2 435  -1  # nbids, bids[]
      5 4 1 0 #ntets ntri ned npts
          -6.1246959999999995e-01   7.4652140690392770e+01   2.1767175000000000e-01 #xyz tv0
          -8.0793512859177774e-01   7.4545111965467527e+01   5.7348076000536352e-01 #xyz tv1
          -5.3103043000000005e-01   7.4694574557721495e+01   3.7484221000000023e-01 #xyz tv2
          -6.1246959999999995e-01   7.4625890620768416e+01   2.1767175000000000e-01 -1 435 #xyz tv3 fid bid
          -1.1120674850241565e+00   7.4597058801631491e+01   1.5069686461808884e-01 #xyz tv0
          -8.0793512859177774e-01   7.4545111965467527e+01   5.7348076000536352e-01 #xyz tv1
          -6.1246959999999995e-01   7.4652140690392770e+01   2.1767175000000000e-01 #xyz tv2
          -6.1246959999999995e-01   7.4625890620768416e+01   2.1767175000000000e-01 -1 435 #xyz tv3 fid bid
          -6.1246959999999995e-01   7.4652140690392770e+01   2.1767175000000000e-01 #xyz tv0
          -2.5896070999999998e-01   7.4875697144976812e+01   5.9618735000000000e-01 #xyz tv1
          -6.1246959999999995e-01   7.4625890620768416e+01   2.1767175000000000e-01 #xyz tv2
          -5.3103043000000005e-01   7.4694574557721495e+01   3.7484221000000023e-01 -1 435 #xyz tv3 fid bid
          -1.1120674850241565e+00   7.4597058801631491e+01   1.5069686461808884e-01 #xyz tv0
          -6.1246959999999995e-01   7.4652140690392770e+01   2.1767175000000000e-01 #xyz tv1
          -6.4848470000000025e-01   7.4633309753651304e+01   4.4357569999999999e-02 #xyz tv2
          -6.1246959999999995e-01   7.4625890620768416e+01   2.1767175000000000e-01 -1 435 #xyz tv3 fid bid
          -6.4848470000000025e-01   7.4633309753651304e+01   4.4357569999999999e-02 #xyz tv0
          -2.5896070999999998e-01   7.4875697144976812e+01   5.9618735000000000e-01 #xyz tv1
          -6.1246959999999995e-01   7.4625890620768416e+01   2.1767175000000000e-01 #xyz tv2
          -6.1246959999999995e-01   7.4652140690392770e+01   2.1767175000000000e-01 -1 435 #xyz tv3 fid bid
          -5.3103043000000005e-01   7.4694574557721495e+01   3.7484221000000023e-01 #xyz tv0
          -6.1246959999999995e-01   7.4652140690392770e+01   2.1767175000000000e-01 #xyz tv1
          -6.1246959999999995e-01   7.4625890620768416e+01   2.1767175000000000e-01 427 -1 #xyz tv2 fid bid
          -5.3103043000000005e-01   7.4694574557721495e+01   3.7484221000000023e-01 #xyz tv0
          -6.1246959999999995e-01   7.4652140690392770e+01   2.1767175000000000e-01 #xyz tv1
          -6.1246959999999995e-01   7.4625890620768416e+01   2.1767175000000000e-01 454 -1 #xyz tv2 fid bid
          -6.4848470000000025e-01   7.4633309753651304e+01   4.4357569999999999e-02 #xyz tv0
          -6.1246959999999995e-01   7.4625890620768416e+01   2.1767175000000000e-01 #xyz tv1
          -6.1246959999999995e-01   7.4652140690392770e+01   2.1767175000000000e-01 427 -1 #xyz tv2 fid bid
          -6.4848470000000025e-01   7.4633309753651304e+01   4.4357569999999999e-02 #xyz tv0
          -6.1246959999999995e-01   7.4625890620768416e+01   2.1767175000000000e-01 #xyz tv1
          -6.1246959999999995e-01   7.4652140690392770e+01   2.1767175000000000e-01 454 -1 #xyz tv2 fid bid
          -6.1246959999999995e-01   7.4652140690392770e+01   2.1767175000000000e-01 #xyz ev0
          -6.1246959999999995e-01   7.4625890620768416e+01   2.1767175000000000e-01 -1 435 #xyz ev1 fid bid
   0   0.000000000000e+00   0.000000000000e+00   0.000000000000e+00 #flag location
END_ERR 
BEGIN_ERR 
26 Small mesh segment detected on body : coax_diel
 Small mesh segment detected on body : coax_diel 
 Segment Statistics - Number of Segments : 1 --- Segment length(s) : 0.036380mm. The cutoff frequency for S-Matrix Only Solve is 1.49896229MHz 
3 -1  427  454  # nfids, fids[]
2 435  -1  # nbids, bids[]
      5 4 1 0 #ntets ntri ned npts
           6.1851206769646305e-01   8.5778174506759711e+01  -1.2358255672967089e+00 #xyz tv0
           1.7536789999999999e-01   8.6111111109999996e+01  -6.2589623999999999e-01 #xyz tv1
           3.3772956999999998e-01   8.6147491163791074e+01  -5.5537261000000027e-01 #xyz tv2
           3.3772956999999998e-01   8.6111111109999996e+01  -5.5537261000000027e-01 -1 435 #xyz tv3 fid bid
           3.3772956999999998e-01   8.6147491163791074e+01  -5.5537261000000027e-01 #xyz tv0
           1.3877787807814457e-15   8.6412500000000065e+01   4.2750000000000310e-01 #xyz tv1
           3.3772956999999998e-01   8.6111111109999996e+01  -5.5537261000000027e-01 #xyz tv2
           1.7536789999999999e-01   8.6111111109999996e+01  -6.2589623999999999e-01 -1 435 #xyz tv3 fid bid
           1.2858176653980424e+00   8.6189317536360932e+01  -7.7994209773759549e-01 #xyz tv0
           3.3772956999999998e-01   8.6147491163791074e+01  -5.5537261000000027e-01 #xyz tv1
           3.3772956999999998e-01   8.6111111109999996e+01  -5.5537261000000027e-01 #xyz tv2
           6.1851206769646305e-01   8.5778174506759711e+01  -1.2358255672967089e+00 -1 435 #xyz tv3 fid bid
           3.3772956999999998e-01   8.6147491163791074e+01  -5.5537261000000027e-01 #xyz tv0
           3.3772956999999998e-01   8.6111111109999996e+01  -5.5537261000000027e-01 #xyz tv1
           1.3877787807814457e-15   8.6412500000000065e+01   4.2750000000000310e-01 #xyz tv2
           4.7504338000000002e-01   8.6111111109999996e+01  -4.4365953999999996e-01 -1 435 #xyz tv3 fid bid
           1.2858176653980424e+00   8.6189317536360932e+01  -7.7994209773759549e-01 #xyz tv0
           3.3772956999999998e-01   8.6111111109999996e+01  -5.5537261000000027e-01 #xyz tv1
           3.3772956999999998e-01   8.6147491163791074e+01  -5.5537261000000027e-01 #xyz tv2
           4.7504338000000002e-01   8.6111111109999996e+01  -4.4365953999999996e-01 -1 435 #xyz tv3 fid bid
           3.3772956999999998e-01   8.6111111109999996e+01  -5.5537261000000027e-01 #xyz tv0
           1.7536789999999999e-01   8.6111111109999996e+01  -6.2589623999999999e-01 #xyz tv1
           3.3772956999999998e-01   8.6147491163791074e+01  -5.5537261000000027e-01 427 -1 #xyz tv2 fid bid
           3.3772956999999998e-01   8.6111111109999996e+01  -5.5537261000000027e-01 #xyz tv0
           1.7536789999999999e-01   8.6111111109999996e+01  -6.2589623999999999e-01 #xyz tv1
           3.3772956999999998e-01   8.6147491163791074e+01  -5.5537261000000027e-01 454 -1 #xyz tv2 fid bid
           4.7504338000000002e-01   8.6111111109999996e+01  -4.4365953999999996e-01 #xyz tv0
           3.3772956999999998e-01   8.6111111109999996e+01  -5.5537261000000027e-01 #xyz tv1
           3.3772956999999998e-01   8.6147491163791074e+01  -5.5537261000000027e-01 427 -1 #xyz tv2 fid bid
           4.7504338000000002e-01   8.6111111109999996e+01  -4.4365953999999996e-01 #xyz tv0
           3.3772956999999998e-01   8.6111111109999996e+01  -5.5537261000000027e-01 #xyz tv1
           3.3772956999999998e-01   8.6147491163791074e+01  -5.5537261000000027e-01 454 -1 #xyz tv2 fid bid
