G3dErrFileVersion 2018P3.1
FlagFileMetaData Begin
   Mesh Size - Setup1, Refinement, Pass #1, Freq. 2.450000e+09 :Title    
   Listing of mesh elements with small segments. :ToolTip  
   hf3d :Author   
   1666562165 :TimeStamp
FlagFileMetaData End
BEGIN_ERR 
26 Small mesh segment detected on body : Air_box
 Small mesh segment detected on body : Air_box 
 Segment Statistics - Number of Segments : 1 --- Segment length(s) : 0.057601mm. The cutoff frequency for S-Matrix Only Solve is 1.10726669621422MHz 
2 -1  27  # nfids, fids[]
2 46  -1  # nbids, bids[]
      4 2 1 0 #ntets ntri ned npts
           5.7668032000000002e-01   8.1696988999999998e-01   1.8325732649257883e+01 #xyz tv0
           5.7668032000000002e-01   8.1696988999999998e-01   1.8383333330000010e+01 #xyz tv1
           3.3487960999999999e-01   9.4226092000000006e-01   1.8383333330000010e+01 #xyz tv2
           1.0796961433369696e+00   1.5788731836462775e+00   1.7927951171051291e+01 -1 46 #xyz tv3 fid bid
           5.7668032000000002e-01   8.1696988999999998e-01   1.8325732649257883e+01 #xyz tv0
           3.3487960999999999e-01   9.4226092000000006e-01   1.8383333330000010e+01 #xyz tv1
           5.7668032000000002e-01   8.1696988999999998e-01   1.8383333330000010e+01 #xyz tv2
           0.0000000000000000e+00   0.0000000000000000e+00   1.8956109374999997e+01 -1 46 #xyz tv3 fid bid
           7.7571129000000005e-01   6.3108794000000001e-01   1.8383333330000010e+01 #xyz tv0
           5.7668032000000002e-01   8.1696988999999998e-01   1.8383333330000010e+01 #xyz tv1
           5.7668032000000002e-01   8.1696988999999998e-01   1.8325732649257883e+01 #xyz tv2
           1.0796961433369696e+00   1.5788731836462775e+00   1.7927951171051291e+01 -1 46 #xyz tv3 fid bid
           7.7571129000000005e-01   6.3108794000000001e-01   1.8383333330000010e+01 #xyz tv0
           5.7668032000000002e-01   8.1696988999999998e-01   1.8325732649257883e+01 #xyz tv1
           5.7668032000000002e-01   8.1696988999999998e-01   1.8383333330000010e+01 #xyz tv2
           0.0000000000000000e+00   0.0000000000000000e+00   1.8956109374999997e+01 -1 46 #xyz tv3 fid bid
           5.7668032000000002e-01   8.1696988999999998e-01   1.8325732649257883e+01 #xyz tv0
           5.7668032000000002e-01   8.1696988999999998e-01   1.8383333330000010e+01 #xyz tv1
           7.7571129000000005e-01   6.3108794000000001e-01   1.8383333330000010e+01 27 -1 #xyz tv2 fid bid
           5.7668032000000002e-01   8.1696988999999998e-01   1.8383333330000010e+01 #xyz tv0
           5.7668032000000002e-01   8.1696988999999998e-01   1.8325732649257883e+01 #xyz tv1
           3.3487960999999999e-01   9.4226092000000006e-01   1.8383333330000010e+01 27 -1 #xyz tv2 fid bid
           5.7668032000000002e-01   8.1696988999999998e-01   1.8325732649257883e+01 #xyz ev0
           5.7668032000000002e-01   8.1696988999999998e-01   1.8383333330000010e+01 -1 46 #xyz ev1 fid bid
   0   0.000000000000e+00   0.000000000000e+00   0.000000000000e+00 #flag location
END_ERR 
BEGIN_ERR 
26 Small mesh segment detected on body : Air_box
 Small mesh segment detected on body : Air_box 
 Segment Statistics - Number of Segments : 1 --- Segment length(s) : 0.132053mm. The cutoff frequency for S-Matrix Only Solve is 1.10726669621422MHz 
2 -1  27  # nfids, fids[]
2 46  -1  # nbids, bids[]
      5 2 1 0 #ntets ntri ned npts
           2.7080156249999989e+00  -9.0899510141184692e-16   2.4372140625000000e+01 #xyz tv0
           9.9068594999999993e-01   1.3616665000000006e-01   2.2729166670000001e+01 #xyz tv1
           9.9068594999999993e-01  -1.3616665000000006e-01   2.2729166670000001e+01 #xyz tv2
           9.9068594999999993e-01  -1.3616665000000006e-01   2.2597114169185097e+01 -1 46 #xyz tv3 fid bid
           9.1721130000000017e-01  -3.9840109000000001e-01   2.2729166670000001e+01 #xyz tv0
           9.9068594999999993e-01  -1.3616665000000006e-01   2.2597114169185097e+01 #xyz tv1
           2.7080156249999989e+00  -9.0899510141184692e-16   2.4372140625000000e+01 #xyz tv2
           9.9068594999999993e-01  -1.3616665000000006e-01   2.2729166670000001e+01 -1 46 #xyz tv3 fid bid
           9.1721130000000017e-01   3.9840109000000001e-01   2.2512315554430714e+01 #xyz tv0
           9.9068594999999993e-01   1.3616665000000006e-01   2.2729166670000001e+01 #xyz tv1
           9.9068594999999993e-01  -1.3616665000000006e-01   2.2597114169185097e+01 #xyz tv2
           9.9068594999999993e-01  -1.3616665000000006e-01   2.2729166670000001e+01 -1 46 #xyz tv3 fid bid
           7.7571129000000005e-01   6.3108794000000001e-01   2.2295464442915733e+01 #xyz tv0
           9.9068594999999993e-01  -1.3616665000000006e-01   2.2597114169185097e+01 #xyz tv1
           9.1721130000000017e-01  -3.9840109000000001e-01   2.2729166670000001e+01 #xyz tv2
           9.9068594999999993e-01  -1.3616665000000006e-01   2.2729166670000001e+01 -1 46 #xyz tv3 fid bid
           7.7571129000000005e-01   6.3108794000000001e-01   2.2295464442915733e+01 #xyz tv0
           9.1721130000000017e-01   3.9840109000000001e-01   2.2512315554430714e+01 #xyz tv1
           9.9068594999999993e-01  -1.3616665000000006e-01   2.2597114169185097e+01 #xyz tv2
           9.9068594999999993e-01  -1.3616665000000006e-01   2.2729166670000001e+01 -1 46 #xyz tv3 fid bid
           9.9068594999999993e-01  -1.3616665000000006e-01   2.2729166670000001e+01 #xyz tv0
           9.9068594999999993e-01  -1.3616665000000006e-01   2.2597114169185097e+01 #xyz tv1
           9.9068594999999993e-01   1.3616665000000006e-01   2.2729166670000001e+01 27 -1 #xyz tv2 fid bid
           9.1721130000000017e-01  -3.9840109000000001e-01   2.2729166670000001e+01 #xyz tv0
           9.9068594999999993e-01  -1.3616665000000006e-01   2.2597114169185097e+01 #xyz tv1
           9.9068594999999993e-01  -1.3616665000000006e-01   2.2729166670000001e+01 27 -1 #xyz tv2 fid bid
           9.9068594999999993e-01  -1.3616665000000006e-01   2.2729166670000001e+01 #xyz ev0
           9.9068594999999993e-01  -1.3616665000000006e-01   2.2597114169185097e+01 -1 46 #xyz ev1 fid bid
   0   0.000000000000e+00   0.000000000000e+00   0.000000000000e+00 #flag location
END_ERR 
G3dErrFileVersion 2018P3.1
FlagFileMetaData Begin
   Mesh Size - Setup1, Refinement, Pass #2, Freq. 2.450000e+09 :Title    
   Listing of mesh elements with small segments. :ToolTip  
   hf3d :Author   
   1666562169 :TimeStamp
FlagFileMetaData End
BEGIN_ERR 
26 Small mesh segment detected on body : Air_box
 Small mesh segment detected on body : Air_box 
 Segment Statistics - Number of Segments : 1 --- Segment length(s) : 0.057601mm. The cutoff frequency for S-Matrix Only Solve is 1.10726669621422MHz 
2 -1  27  # nfids, fids[]
2 46  -1  # nbids, bids[]
      4 2 1 0 #ntets ntri ned npts
           5.7668032000000002e-01   8.1696988999999998e-01   1.8325732649257883e+01 #xyz tv0
           5.7668032000000002e-01   8.1696988999999998e-01   1.8383333330000010e+01 #xyz tv1
           3.3487960999999999e-01   9.4226092000000006e-01   1.8383333330000010e+01 #xyz tv2
           1.6717224038732774e+00   2.2060669288465924e+00   1.8003464401374892e+01 -1 46 #xyz tv3 fid bid
           5.7668032000000002e-01   8.1696988999999998e-01   1.8325732649257883e+01 #xyz tv0
           3.3487960999999999e-01   9.4226092000000006e-01   1.8383333330000010e+01 #xyz tv1
           5.7668032000000002e-01   8.1696988999999998e-01   1.8383333330000010e+01 #xyz tv2
           0.0000000000000000e+00   0.0000000000000000e+00   1.8956109374999997e+01 -1 46 #xyz tv3 fid bid
           7.7571129000000005e-01   6.3108794000000001e-01   1.8383333330000010e+01 #xyz tv0
           5.7668032000000002e-01   8.1696988999999998e-01   1.8383333330000010e+01 #xyz tv1
           5.7668032000000002e-01   8.1696988999999998e-01   1.8325732649257883e+01 #xyz tv2
           1.6717224038732774e+00   2.2060669288465924e+00   1.8003464401374892e+01 -1 46 #xyz tv3 fid bid
           7.7571129000000005e-01   6.3108794000000001e-01   1.8383333330000010e+01 #xyz tv0
           5.7668032000000002e-01   8.1696988999999998e-01   1.8325732649257883e+01 #xyz tv1
           5.7668032000000002e-01   8.1696988999999998e-01   1.8383333330000010e+01 #xyz tv2
           0.0000000000000000e+00   0.0000000000000000e+00   1.8956109374999997e+01 -1 46 #xyz tv3 fid bid
           5.7668032000000002e-01   8.1696988999999998e-01   1.8325732649257883e+01 #xyz tv0
           5.7668032000000002e-01   8.1696988999999998e-01   1.8383333330000010e+01 #xyz tv1
           7.7571129000000005e-01   6.3108794000000001e-01   1.8383333330000010e+01 27 -1 #xyz tv2 fid bid
           5.7668032000000002e-01   8.1696988999999998e-01   1.8383333330000010e+01 #xyz tv0
           5.7668032000000002e-01   8.1696988999999998e-01   1.8325732649257883e+01 #xyz tv1
           3.3487960999999999e-01   9.4226092000000006e-01   1.8383333330000010e+01 27 -1 #xyz tv2 fid bid
           5.7668032000000002e-01   8.1696988999999998e-01   1.8325732649257883e+01 #xyz ev0
           5.7668032000000002e-01   8.1696988999999998e-01   1.8383333330000010e+01 -1 46 #xyz ev1 fid bid
   0   0.000000000000e+00   0.000000000000e+00   0.000000000000e+00 #flag location
END_ERR 
BEGIN_ERR 
26 Small mesh segment detected on body : Air_box
 Small mesh segment detected on body : Air_box 
 Segment Statistics - Number of Segments : 1 --- Segment length(s) : 0.132053mm. The cutoff frequency for S-Matrix Only Solve is 1.10726669621422MHz 
2 -1  27  # nfids, fids[]
2 46  -1  # nbids, bids[]
      5 2 1 0 #ntets ntri ned npts
           2.1288148569067604e+00   2.2639214327947944e-02   2.3807683396348452e+01 #xyz tv0
           9.9068594999999993e-01   1.3616665000000006e-01   2.2729166670000001e+01 #xyz tv1
           9.9068594999999993e-01  -1.3616665000000006e-01   2.2729166670000001e+01 #xyz tv2
           9.9068594999999993e-01  -1.3616665000000006e-01   2.2597114169185097e+01 -1 46 #xyz tv3 fid bid
           9.1721130000000028e-01  -3.9840109000000001e-01   2.2729166670000001e+01 #xyz tv0
           9.9068594999999993e-01  -1.3616665000000006e-01   2.2597114169185097e+01 #xyz tv1
           2.1288148569067604e+00   2.2639214327947944e-02   2.3807683396348452e+01 #xyz tv2
           9.9068594999999993e-01  -1.3616665000000006e-01   2.2729166670000001e+01 -1 46 #xyz tv3 fid bid
           9.1721130000000028e-01   3.9840109000000001e-01   2.2512315554430714e+01 #xyz tv0
           9.9068594999999993e-01   1.3616665000000006e-01   2.2729166670000001e+01 #xyz tv1
           9.9068594999999993e-01  -1.3616665000000006e-01   2.2597114169185097e+01 #xyz tv2
           9.9068594999999993e-01  -1.3616665000000006e-01   2.2729166670000001e+01 -1 46 #xyz tv3 fid bid
           7.7571129000000005e-01   6.3108794000000001e-01   2.2295464442915733e+01 #xyz tv0
           9.9068594999999993e-01  -1.3616665000000006e-01   2.2597114169185097e+01 #xyz tv1
           9.1721130000000028e-01  -3.9840109000000001e-01   2.2729166670000001e+01 #xyz tv2
           9.9068594999999993e-01  -1.3616665000000006e-01   2.2729166670000001e+01 -1 46 #xyz tv3 fid bid
           7.7571129000000005e-01   6.3108794000000001e-01   2.2295464442915733e+01 #xyz tv0
           9.1721130000000028e-01   3.9840109000000001e-01   2.2512315554430714e+01 #xyz tv1
           9.9068594999999993e-01  -1.3616665000000006e-01   2.2597114169185097e+01 #xyz tv2
           9.9068594999999993e-01  -1.3616665000000006e-01   2.2729166670000001e+01 -1 46 #xyz tv3 fid bid
           9.9068594999999993e-01  -1.3616665000000006e-01   2.2729166670000001e+01 #xyz tv0
           9.9068594999999993e-01  -1.3616665000000006e-01   2.2597114169185097e+01 #xyz tv1
           9.9068594999999993e-01   1.3616665000000006e-01   2.2729166670000001e+01 27 -1 #xyz tv2 fid bid
           9.1721130000000028e-01  -3.9840109000000001e-01   2.2729166670000001e+01 #xyz tv0
           9.9068594999999993e-01  -1.3616665000000006e-01   2.2597114169185097e+01 #xyz tv1
           9.9068594999999993e-01  -1.3616665000000006e-01   2.2729166670000001e+01 27 -1 #xyz tv2 fid bid
           9.9068594999999993e-01  -1.3616665000000006e-01   2.2729166670000001e+01 #xyz ev0
           9.9068594999999993e-01  -1.3616665000000006e-01   2.2597114169185097e+01 -1 46 #xyz ev1 fid bid
   0   0.000000000000e+00   0.000000000000e+00   0.000000000000e+00 #flag location
END_ERR 
G3dErrFileVersion 2018P3.1
FlagFileMetaData Begin
   Mesh Size - Setup1, Refinement, Pass #3, Freq. 2.450000e+09 :Title    
   Listing of mesh elements with small segments. :ToolTip  
   hf3d :Author   
   1666562173 :TimeStamp
FlagFileMetaData End
BEGIN_ERR 
26 Small mesh segment detected on body : Air_box
 Small mesh segment detected on body : Air_box 
 Segment Statistics - Number of Segments : 1 --- Segment length(s) : 0.057601mm. The cutoff frequency for S-Matrix Only Solve is 1.10726669621422MHz 
2 -1  27  # nfids, fids[]
2 46  -1  # nbids, bids[]
      4 2 1 0 #ntets ntri ned npts
           7.7571129000000005e-01   6.3108794000000001e-01   1.8383333330000010e+01 #xyz tv0
           5.7668032000000002e-01   8.1696988999999998e-01   1.8383333330000010e+01 #xyz tv1
           5.7668032000000002e-01   8.1696988999999998e-01   1.8325732649257883e+01 #xyz tv2
           1.4644566305419287e+00   2.1772080482649834e+00   1.8327471178930608e+01 -1 46 #xyz tv3 fid bid
           7.7571129000000005e-01   6.3108794000000001e-01   1.8383333330000010e+01 #xyz tv0
           5.7668032000000002e-01   8.1696988999999998e-01   1.8325732649257883e+01 #xyz tv1
           5.7668032000000002e-01   8.1696988999999998e-01   1.8383333330000010e+01 #xyz tv2
           0.0000000000000000e+00   0.0000000000000000e+00   1.8956109374999997e+01 -1 46 #xyz tv3 fid bid
           5.7668032000000002e-01   8.1696988999999998e-01   1.8325732649257883e+01 #xyz tv0
           5.7668032000000002e-01   8.1696988999999998e-01   1.8383333330000010e+01 #xyz tv1
           3.3487960999999999e-01   9.4226092000000006e-01   1.8383333330000010e+01 #xyz tv2
           1.4644566305419287e+00   2.1772080482649834e+00   1.8327471178930608e+01 -1 46 #xyz tv3 fid bid
           5.7668032000000002e-01   8.1696988999999998e-01   1.8325732649257883e+01 #xyz tv0
           3.3487960999999999e-01   9.4226092000000006e-01   1.8383333330000010e+01 #xyz tv1
           5.7668032000000002e-01   8.1696988999999998e-01   1.8383333330000010e+01 #xyz tv2
           0.0000000000000000e+00   0.0000000000000000e+00   1.8956109374999997e+01 -1 46 #xyz tv3 fid bid
           5.7668032000000002e-01   8.1696988999999998e-01   1.8325732649257883e+01 #xyz tv0
           5.7668032000000002e-01   8.1696988999999998e-01   1.8383333330000010e+01 #xyz tv1
           7.7571129000000005e-01   6.3108794000000001e-01   1.8383333330000010e+01 27 -1 #xyz tv2 fid bid
           5.7668032000000002e-01   8.1696988999999998e-01   1.8383333330000010e+01 #xyz tv0
           5.7668032000000002e-01   8.1696988999999998e-01   1.8325732649257883e+01 #xyz tv1
           3.3487960999999999e-01   9.4226092000000006e-01   1.8383333330000010e+01 27 -1 #xyz tv2 fid bid
           5.7668032000000002e-01   8.1696988999999998e-01   1.8325732649257883e+01 #xyz ev0
           5.7668032000000002e-01   8.1696988999999998e-01   1.8383333330000010e+01 -1 46 #xyz ev1 fid bid
   0   0.000000000000e+00   0.000000000000e+00   0.000000000000e+00 #flag location
END_ERR 
BEGIN_ERR 
26 Small mesh segment detected on body : Air_box
 Small mesh segment detected on body : Air_box 
 Segment Statistics - Number of Segments : 1 --- Segment length(s) : 0.132053mm. The cutoff frequency for S-Matrix Only Solve is 1.10726669621422MHz 
2 -1  27  # nfids, fids[]
2 46  -1  # nbids, bids[]
      5 2 1 0 #ntets ntri ned npts
           9.9068594999999993e-01  -1.3616665000000006e-01   2.2729166670000001e+01 #xyz tv0
           9.1721130000000040e-01  -3.9840109000000001e-01   2.2729166670000001e+01 #xyz tv1
           1.7472441743732938e+00  -2.7479018127165761e-01   2.2008041012232347e+01 #xyz tv2
           9.9068594999999993e-01  -1.3616665000000006e-01   2.2597114169185097e+01 -1 46 #xyz tv3 fid bid
           9.9068594999999993e-01   1.3616665000000006e-01   2.2729166670000001e+01 #xyz tv0
           9.9068594999999993e-01  -1.3616665000000006e-01   2.2729166670000001e+01 #xyz tv1
           1.7472441743732938e+00  -2.7479018127165761e-01   2.2008041012232347e+01 #xyz tv2
           9.9068594999999993e-01  -1.3616665000000006e-01   2.2597114169185097e+01 -1 46 #xyz tv3 fid bid
           7.7571129000000005e-01   6.3108794000000001e-01   2.2295464442915733e+01 #xyz tv0
           9.9068594999999993e-01  -1.3616665000000006e-01   2.2597114169185097e+01 #xyz tv1
           9.1721130000000040e-01  -3.9840109000000001e-01   2.2729166670000001e+01 #xyz tv2
           9.9068594999999993e-01  -1.3616665000000006e-01   2.2729166670000001e+01 -1 46 #xyz tv3 fid bid
           9.1721130000000040e-01   3.9840109000000001e-01   2.2512315554430714e+01 #xyz tv0
           9.9068594999999993e-01   1.3616665000000006e-01   2.2729166670000001e+01 #xyz tv1
           9.9068594999999993e-01  -1.3616665000000006e-01   2.2597114169185097e+01 #xyz tv2
           9.9068594999999993e-01  -1.3616665000000006e-01   2.2729166670000001e+01 -1 46 #xyz tv3 fid bid
           7.7571129000000005e-01   6.3108794000000001e-01   2.2295464442915733e+01 #xyz tv0
           9.1721130000000040e-01   3.9840109000000001e-01   2.2512315554430714e+01 #xyz tv1
           9.9068594999999993e-01  -1.3616665000000006e-01   2.2597114169185097e+01 #xyz tv2
           9.9068594999999993e-01  -1.3616665000000006e-01   2.2729166670000001e+01 -1 46 #xyz tv3 fid bid
           9.9068594999999993e-01  -1.3616665000000006e-01   2.2729166670000001e+01 #xyz tv0
           9.9068594999999993e-01  -1.3616665000000006e-01   2.2597114169185097e+01 #xyz tv1
           9.9068594999999993e-01   1.3616665000000006e-01   2.2729166670000001e+01 27 -1 #xyz tv2 fid bid
           9.1721130000000040e-01  -3.9840109000000001e-01   2.2729166670000001e+01 #xyz tv0
           9.9068594999999993e-01  -1.3616665000000006e-01   2.2597114169185097e+01 #xyz tv1
           9.9068594999999993e-01  -1.3616665000000006e-01   2.2729166670000001e+01 27 -1 #xyz tv2 fid bid
           9.9068594999999993e-01  -1.3616665000000006e-01   2.2729166670000001e+01 #xyz ev0
           9.9068594999999993e-01  -1.3616665000000006e-01   2.2597114169185097e+01 -1 46 #xyz ev1 fid bid
   0   0.000000000000e+00   0.000000000000e+00   0.000000000000e+00 #flag location
END_ERR 
BEGIN_ERR 
26 Small mesh segment detected on body : Cylinder1
 Small mesh segment detected on body : Cylinder1 
 Segment Statistics - Number of Segments : 1 --- Segment length(s) : 0.136167mm. The cutoff frequency for S-Matrix Only Solve is 1.10726669621422MHz 
2 -1  26  # nfids, fids[]
2 6  -1  # nbids, bids[]
      5 2 1 0 #ntets ntri ned npts
           9.2054541500000009e-01   3.9054226000000009e-01  -2.4902083335000000e+01 #xyz tv0
           8.4979541000000003e-01   5.0688568499999997e-01  -2.4902083335000000e+01 #xyz tv1
           9.9534297500000002e-01  -6.8083325000000028e-02  -2.4902083335000000e+01 #xyz tv2
           9.2387953000000000e-01   3.8268342999999999e-01  -2.7074999999999996e+01 -1 6 #xyz tv3 fid bid
           9.2054541500000009e-01   3.9054226000000009e-01  -2.4902083335000000e+01 #xyz tv0
           9.9534297500000002e-01  -6.8083325000000028e-02  -2.4902083335000000e+01 #xyz tv1
           8.4979541000000003e-01   5.0688568499999997e-01  -2.4902083335000000e+01 #xyz tv2
           9.1721130000000040e-01   3.9840109000000001e-01  -2.2729166670000001e+01 -1 6 #xyz tv3 fid bid
           9.2387953000000000e-01   3.8268342999999999e-01  -2.7074999999999996e+01 #xyz tv0
           8.4979541000000003e-01   5.0688568499999997e-01  -2.4902083335000000e+01 #xyz tv1
           1.6535605027202824e+00   1.7075408096994240e+00  -2.6287909012072966e+01 #xyz tv2
           9.2054541500000009e-01   3.9054226000000009e-01  -2.4902083335000000e+01 -1 6 #xyz tv3 fid bid
           9.2054541500000009e-01   3.9054226000000009e-01  -2.4902083335000000e+01 #xyz tv0
           8.4979541000000003e-01   5.0688568499999997e-01  -2.4902083335000000e+01 #xyz tv1
           2.0103879782754843e+00   7.9341942531936582e-01  -2.4034258780532571e+01 #xyz tv2
           9.1721130000000040e-01   3.9840109000000001e-01  -2.2729166670000001e+01 -1 6 #xyz tv3 fid bid
           8.4979541000000003e-01   5.0688568499999997e-01  -2.4902083335000000e+01 #xyz tv0
           2.0103879782754843e+00   7.9341942531936582e-01  -2.4034258780532571e+01 #xyz tv1
           1.6535605027202824e+00   1.7075408096994240e+00  -2.6287909012072966e+01 #xyz tv2
           9.2054541500000009e-01   3.9054226000000009e-01  -2.4902083335000000e+01 -1 6 #xyz tv3 fid bid
           9.1721130000000040e-01   3.9840109000000001e-01  -2.2729166670000001e+01 #xyz tv0
           9.2054541500000009e-01   3.9054226000000009e-01  -2.4902083335000000e+01 #xyz tv1
           8.4979541000000003e-01   5.0688568499999997e-01  -2.4902083335000000e+01 26 -1 #xyz tv2 fid bid
           9.2054541500000009e-01   3.9054226000000009e-01  -2.4902083335000000e+01 #xyz tv0
           9.2387953000000000e-01   3.8268342999999999e-01  -2.7074999999999996e+01 #xyz tv1
           8.4979541000000003e-01   5.0688568499999997e-01  -2.4902083335000000e+01 26 -1 #xyz tv2 fid bid
           9.2054541500000009e-01   3.9054226000000009e-01  -2.4902083335000000e+01 #xyz ev0
           8.4979541000000003e-01   5.0688568499999997e-01  -2.4902083335000000e+01 -1 6 #xyz ev1 fid bid
   0   0.000000000000e+00   0.000000000000e+00   0.000000000000e+00 #flag location
END_ERR 
G3dErrFileVersion 2018P3.1
FlagFileMetaData Begin
   Mesh Size - Setup1, Refinement, Pass #4, Freq. 2.450000e+09 :Title    
   Listing of mesh elements with small segments. :ToolTip  
   hf3d :Author   
   1666562179 :TimeStamp
FlagFileMetaData End
BEGIN_ERR 
26 Small mesh segment detected on body : Air_box
 Small mesh segment detected on body : Air_box 
 Segment Statistics - Number of Segments : 1 --- Segment length(s) : 0.057601mm. The cutoff frequency for S-Matrix Only Solve is 1.10726669621422MHz 
2 -1  27  # nfids, fids[]
2 46  -1  # nbids, bids[]
      4 2 1 0 #ntets ntri ned npts
           5.7668032000000002e-01   8.1696988999999998e-01   1.8383333330000010e+01 #xyz tv0
           8.4526188832284133e-01   1.3689019866826651e+00   1.7841903897190441e+01 #xyz tv1
           3.3487960999999999e-01   9.4226092000000006e-01   1.8383333330000010e+01 #xyz tv2
           5.7668032000000002e-01   8.1696988999999998e-01   1.8325732649257883e+01 -1 46 #xyz tv3 fid bid
           5.7668032000000002e-01   8.1696988999999998e-01   1.8325732649257883e+01 #xyz tv0
           3.3487960999999999e-01   9.4226092000000006e-01   1.8383333330000010e+01 #xyz tv1
           5.7668032000000002e-01   8.1696988999999998e-01   1.8383333330000010e+01 #xyz tv2
           0.0000000000000000e+00   0.0000000000000000e+00   1.8956109374999997e+01 -1 46 #xyz tv3 fid bid
           7.7571129000000005e-01   6.3108794000000001e-01   1.8383333330000010e+01 #xyz tv0
           8.4526188832284133e-01   1.3689019866826651e+00   1.7841903897190441e+01 #xyz tv1
           5.7668032000000002e-01   8.1696988999999998e-01   1.8383333330000010e+01 #xyz tv2
           5.7668032000000002e-01   8.1696988999999998e-01   1.8325732649257883e+01 -1 46 #xyz tv3 fid bid
           7.7571129000000005e-01   6.3108794000000001e-01   1.8383333330000010e+01 #xyz tv0
           5.7668032000000002e-01   8.1696988999999998e-01   1.8325732649257883e+01 #xyz tv1
           5.7668032000000002e-01   8.1696988999999998e-01   1.8383333330000010e+01 #xyz tv2
           0.0000000000000000e+00   0.0000000000000000e+00   1.8956109374999997e+01 -1 46 #xyz tv3 fid bid
           5.7668032000000002e-01   8.1696988999999998e-01   1.8325732649257883e+01 #xyz tv0
           5.7668032000000002e-01   8.1696988999999998e-01   1.8383333330000010e+01 #xyz tv1
           7.7571129000000005e-01   6.3108794000000001e-01   1.8383333330000010e+01 27 -1 #xyz tv2 fid bid
           5.7668032000000002e-01   8.1696988999999998e-01   1.8383333330000010e+01 #xyz tv0
           5.7668032000000002e-01   8.1696988999999998e-01   1.8325732649257883e+01 #xyz tv1
           3.3487960999999999e-01   9.4226092000000006e-01   1.8383333330000010e+01 27 -1 #xyz tv2 fid bid
           5.7668032000000002e-01   8.1696988999999998e-01   1.8325732649257883e+01 #xyz ev0
           5.7668032000000002e-01   8.1696988999999998e-01   1.8383333330000010e+01 -1 46 #xyz ev1 fid bid
   0   0.000000000000e+00   0.000000000000e+00   0.000000000000e+00 #flag location
END_ERR 
BEGIN_ERR 
26 Small mesh segment detected on body : Air_box
 Small mesh segment detected on body : Air_box 
 Segment Statistics - Number of Segments : 1 --- Segment length(s) : 0.132053mm. The cutoff frequency for S-Matrix Only Solve is 1.10726669621422MHz 
2 -1  27  # nfids, fids[]
2 46  -1  # nbids, bids[]
      3 2 1 0 #ntets ntri ned npts
           9.9068594999999993e-01  -1.3616665000000006e-01   2.2729166670000001e+01 #xyz tv0
           9.1721130000000051e-01  -3.9840109000000001e-01   2.2729166670000001e+01 #xyz tv1
           1.7472441743732938e+00  -2.7479018127165761e-01   2.2008041012232347e+01 #xyz tv2
           9.9068594999999993e-01  -1.3616665000000006e-01   2.2597114169185097e+01 -1 46 #xyz tv3 fid bid
           9.9068594999999993e-01   1.3616665000000006e-01   2.2729166670000001e+01 #xyz tv0
           9.9068594999999993e-01  -1.3616665000000006e-01   2.2729166670000001e+01 #xyz tv1
           1.7472441743732938e+00  -2.7479018127165761e-01   2.2008041012232347e+01 #xyz tv2
           9.9068594999999993e-01  -1.3616665000000006e-01   2.2597114169185097e+01 -1 46 #xyz tv3 fid bid
           9.1721130000000051e-01  -3.9840109000000001e-01   2.2729166670000001e+01 #xyz tv0
           9.9068594999999993e-01   1.3616665000000006e-01   2.2729166670000001e+01 #xyz tv1
           9.9068594999999993e-01  -1.3616665000000006e-01   2.2597114169185097e+01 #xyz tv2
           9.9068594999999993e-01  -1.3616665000000006e-01   2.2729166670000001e+01 -1 46 #xyz tv3 fid bid
           9.9068594999999993e-01  -1.3616665000000006e-01   2.2729166670000001e+01 #xyz tv0
           9.9068594999999993e-01  -1.3616665000000006e-01   2.2597114169185097e+01 #xyz tv1
           9.9068594999999993e-01   1.3616665000000006e-01   2.2729166670000001e+01 27 -1 #xyz tv2 fid bid
           9.1721130000000051e-01  -3.9840109000000001e-01   2.2729166670000001e+01 #xyz tv0
           9.9068594999999993e-01  -1.3616665000000006e-01   2.2597114169185097e+01 #xyz tv1
           9.9068594999999993e-01  -1.3616665000000006e-01   2.2729166670000001e+01 27 -1 #xyz tv2 fid bid
           9.9068594999999993e-01  -1.3616665000000006e-01   2.2729166670000001e+01 #xyz ev0
           9.9068594999999993e-01  -1.3616665000000006e-01   2.2597114169185097e+01 -1 46 #xyz ev1 fid bid
   0   0.000000000000e+00   0.000000000000e+00   0.000000000000e+00 #flag location
END_ERR 
BEGIN_ERR 
26 Small mesh segment detected on body : Air_box
 Small mesh segment detected on body : Air_box 
 Segment Statistics - Number of Segments : 1 --- Segment length(s) : 0.136167mm. The cutoff frequency for S-Matrix Only Solve is 1.10726669621422MHz 
2 -1  26  # nfids, fids[]
2 46  -1  # nbids, bids[]
      5 2 1 0 #ntets ntri ned npts
           1.6460943525695380e+00   1.1279838808015787e+00  -2.5309903314240206e+01 #xyz tv0
           9.2054541500000009e-01   3.9054226000000014e-01  -2.4902083335000000e+01 #xyz tv1
           8.4979541000000003e-01   5.0688568499999997e-01  -2.4902083335000000e+01 #xyz tv2
           2.0103879782754843e+00   7.9341942531936582e-01  -2.4034258780532571e+01 -1 46 #xyz tv3 fid bid
           9.2387953000000000e-01   3.8268342999999999e-01  -2.7074999999999996e+01 #xyz tv0
           8.4979541000000003e-01   5.0688568499999997e-01  -2.4902083335000000e+01 #xyz tv1
           1.6460943525695380e+00   1.1279838808015787e+00  -2.5309903314240206e+01 #xyz tv2
           9.2054541500000009e-01   3.9054226000000014e-01  -2.4902083335000000e+01 -1 46 #xyz tv3 fid bid
           9.2054541500000009e-01   3.9054226000000014e-01  -2.4902083335000000e+01 #xyz tv0
           8.4979541000000003e-01   5.0688568499999997e-01  -2.4902083335000000e+01 #xyz tv1
           2.0103879782754843e+00   7.9341942531936582e-01  -2.4034258780532571e+01 #xyz tv2
           9.1721130000000051e-01   3.9840109000000001e-01  -2.2729166670000001e+01 -1 46 #xyz tv3 fid bid
           9.2054541500000009e-01   3.9054226000000014e-01  -2.4902083335000000e+01 #xyz tv0
           8.4979541000000003e-01   5.0688568499999997e-01  -2.4902083335000000e+01 #xyz tv1
           9.9534297500000002e-01  -6.8083325000000028e-02  -2.4902083335000000e+01 #xyz tv2
           9.2387953000000000e-01   3.8268342999999999e-01  -2.7074999999999996e+01 -1 46 #xyz tv3 fid bid
           9.2054541500000009e-01   3.9054226000000014e-01  -2.4902083335000000e+01 #xyz tv0
           9.9534297500000002e-01  -6.8083325000000028e-02  -2.4902083335000000e+01 #xyz tv1
           8.4979541000000003e-01   5.0688568499999997e-01  -2.4902083335000000e+01 #xyz tv2
           9.1721130000000051e-01   3.9840109000000001e-01  -2.2729166670000001e+01 -1 46 #xyz tv3 fid bid
           9.1721130000000051e-01   3.9840109000000001e-01  -2.2729166670000001e+01 #xyz tv0
           9.2054541500000009e-01   3.9054226000000014e-01  -2.4902083335000000e+01 #xyz tv1
           8.4979541000000003e-01   5.0688568499999997e-01  -2.4902083335000000e+01 26 -1 #xyz tv2 fid bid
           9.2054541500000009e-01   3.9054226000000014e-01  -2.4902083335000000e+01 #xyz tv0
           9.2387953000000000e-01   3.8268342999999999e-01  -2.7074999999999996e+01 #xyz tv1
           8.4979541000000003e-01   5.0688568499999997e-01  -2.4902083335000000e+01 26 -1 #xyz tv2 fid bid
           9.2054541500000009e-01   3.9054226000000014e-01  -2.4902083335000000e+01 #xyz ev0
           8.4979541000000003e-01   5.0688568499999997e-01  -2.4902083335000000e+01 -1 46 #xyz ev1 fid bid
   0   0.000000000000e+00   0.000000000000e+00   0.000000000000e+00 #flag location
END_ERR 
G3dErrFileVersion 2018P3.1
FlagFileMetaData Begin
   Mesh Size - Setup1, Refinement, Pass #5, Freq. 2.450000e+09 :Title    
   Listing of mesh elements with small segments. :ToolTip  
   hf3d :Author   
   1666562186 :TimeStamp
FlagFileMetaData End
BEGIN_ERR 
26 Small mesh segment detected on body : Air_box
 Small mesh segment detected on body : Air_box 
 Segment Statistics - Number of Segments : 1 --- Segment length(s) : 0.057601mm. The cutoff frequency for S-Matrix Only Solve is 1.10726669621422MHz 
2 -1  27  # nfids, fids[]
2 46  -1  # nbids, bids[]
      4 2 1 0 #ntets ntri ned npts
           5.7668032000000002e-01   8.1696988999999998e-01   1.8383333330000010e+01 #xyz tv0
           8.4526188832284133e-01   1.3689019866826651e+00   1.7841903897190441e+01 #xyz tv1
           3.3487960999999999e-01   9.4226092000000006e-01   1.8383333330000010e+01 #xyz tv2
           5.7668032000000002e-01   8.1696988999999998e-01   1.8325732649257883e+01 -1 46 #xyz tv3 fid bid
           5.7668032000000002e-01   8.1696988999999998e-01   1.8325732649257883e+01 #xyz tv0
           3.3487960999999999e-01   9.4226092000000006e-01   1.8383333330000010e+01 #xyz tv1
           5.7668032000000002e-01   8.1696988999999998e-01   1.8383333330000010e+01 #xyz tv2
           0.0000000000000000e+00   0.0000000000000000e+00   1.8956109374999997e+01 -1 46 #xyz tv3 fid bid
           7.7571129000000005e-01   6.3108794000000001e-01   1.8383333330000010e+01 #xyz tv0
           8.4526188832284133e-01   1.3689019866826651e+00   1.7841903897190441e+01 #xyz tv1
           5.7668032000000002e-01   8.1696988999999998e-01   1.8383333330000010e+01 #xyz tv2
           5.7668032000000002e-01   8.1696988999999998e-01   1.8325732649257883e+01 -1 46 #xyz tv3 fid bid
           7.7571129000000005e-01   6.3108794000000001e-01   1.8383333330000010e+01 #xyz tv0
           5.7668032000000002e-01   8.1696988999999998e-01   1.8325732649257883e+01 #xyz tv1
           5.7668032000000002e-01   8.1696988999999998e-01   1.8383333330000010e+01 #xyz tv2
           0.0000000000000000e+00   0.0000000000000000e+00   1.8956109374999997e+01 -1 46 #xyz tv3 fid bid
           5.7668032000000002e-01   8.1696988999999998e-01   1.8325732649257883e+01 #xyz tv0
           5.7668032000000002e-01   8.1696988999999998e-01   1.8383333330000010e+01 #xyz tv1
           7.7571129000000005e-01   6.3108794000000001e-01   1.8383333330000010e+01 27 -1 #xyz tv2 fid bid
           5.7668032000000002e-01   8.1696988999999998e-01   1.8383333330000010e+01 #xyz tv0
           5.7668032000000002e-01   8.1696988999999998e-01   1.8325732649257883e+01 #xyz tv1
           3.3487960999999999e-01   9.4226092000000006e-01   1.8383333330000010e+01 27 -1 #xyz tv2 fid bid
           5.7668032000000002e-01   8.1696988999999998e-01   1.8325732649257883e+01 #xyz ev0
           5.7668032000000002e-01   8.1696988999999998e-01   1.8383333330000010e+01 -1 46 #xyz ev1 fid bid
   0   0.000000000000e+00   0.000000000000e+00   0.000000000000e+00 #flag location
END_ERR 
BEGIN_ERR 
26 Small mesh segment detected on body : Air_box
 Small mesh segment detected on body : Air_box 
 Segment Statistics - Number of Segments : 1 --- Segment length(s) : 0.132053mm. The cutoff frequency for S-Matrix Only Solve is 1.10726669621422MHz 
2 -1  27  # nfids, fids[]
2 46  -1  # nbids, bids[]
      3 2 1 0 #ntets ntri ned npts
           1.7432761799092462e+00  -1.9983265153842167e-01   2.2907245551311110e+01 #xyz tv0
           9.1721130000000051e-01  -3.9840109000000001e-01   2.2729166670000001e+01 #xyz tv1
           9.9068594999999993e-01  -1.3616665000000006e-01   2.2597114169185097e+01 #xyz tv2
           9.9068594999999993e-01  -1.3616665000000006e-01   2.2729166670000001e+01 -1 46 #xyz tv3 fid bid
           9.1721130000000051e-01  -3.9840109000000001e-01   2.2729166670000001e+01 #xyz tv0
           9.9068594999999993e-01   1.3616665000000006e-01   2.2729166670000001e+01 #xyz tv1
           9.9068594999999993e-01  -1.3616665000000006e-01   2.2597114169185097e+01 #xyz tv2
           9.9068594999999993e-01  -1.3616665000000006e-01   2.2729166670000001e+01 -1 46 #xyz tv3 fid bid
           1.7432761799092462e+00  -1.9983265153842167e-01   2.2907245551311110e+01 #xyz tv0
           9.9068594999999993e-01  -1.3616665000000006e-01   2.2597114169185097e+01 #xyz tv1
           9.9068594999999993e-01   1.3616665000000006e-01   2.2729166670000001e+01 #xyz tv2
           9.9068594999999993e-01  -1.3616665000000006e-01   2.2729166670000001e+01 -1 46 #xyz tv3 fid bid
           9.9068594999999993e-01  -1.3616665000000006e-01   2.2729166670000001e+01 #xyz tv0
           9.9068594999999993e-01  -1.3616665000000006e-01   2.2597114169185097e+01 #xyz tv1
           9.9068594999999993e-01   1.3616665000000006e-01   2.2729166670000001e+01 27 -1 #xyz tv2 fid bid
           9.1721130000000051e-01  -3.9840109000000001e-01   2.2729166670000001e+01 #xyz tv0
           9.9068594999999993e-01  -1.3616665000000006e-01   2.2597114169185097e+01 #xyz tv1
           9.9068594999999993e-01  -1.3616665000000006e-01   2.2729166670000001e+01 27 -1 #xyz tv2 fid bid
           9.9068594999999993e-01  -1.3616665000000006e-01   2.2729166670000001e+01 #xyz ev0
           9.9068594999999993e-01  -1.3616665000000006e-01   2.2597114169185097e+01 -1 46 #xyz ev1 fid bid
   0   0.000000000000e+00   0.000000000000e+00   0.000000000000e+00 #flag location
END_ERR 
BEGIN_ERR 
26 Small mesh segment detected on body : Air_box
 Small mesh segment detected on body : Air_box 
 Segment Statistics - Number of Segments : 1 --- Segment length(s) : 0.136167mm. The cutoff frequency for S-Matrix Only Solve is 1.10726669621422MHz 
2 -1  26  # nfids, fids[]
2 46  -1  # nbids, bids[]
      9 2 1 0 #ntets ntri ned npts
           1.4550214868667841e+00   3.9607873318400921e-01  -2.6637852542625630e+01 #xyz tv0
           9.2387953000000000e-01   3.8268342999999999e-01  -2.7074999999999996e+01 #xyz tv1
           8.4979541000000003e-01   5.0688568499999997e-01  -2.4902083335000000e+01 #xyz tv2
           9.2054541500000009e-01   3.9054226000000020e-01  -2.4902083335000000e+01 -1 46 #xyz tv3 fid bid
           9.2054541500000009e-01   3.9054226000000020e-01  -2.4902083335000000e+01 #xyz tv0
           3.7534127748026075e-01   9.2670271377286184e-01  -2.6407526749238315e+01 #xyz tv1
           9.2387953000000000e-01   3.8268342999999999e-01  -2.7074999999999996e+01 #xyz tv2
           8.4979541000000003e-01   5.0688568499999997e-01  -2.4902083335000000e+01 -1 46 #xyz tv3 fid bid
           1.4550214868667841e+00   3.9607873318400921e-01  -2.6637852542625630e+01 #xyz tv0
           8.4979541000000003e-01   5.0688568499999997e-01  -2.4902083335000000e+01 #xyz tv1
           1.9861634437335685e+00   4.0947403636801849e-01  -2.6200705085251265e+01 #xyz tv2
           9.2054541500000009e-01   3.9054226000000020e-01  -2.4902083335000000e+01 -1 46 #xyz tv3 fid bid
           9.9534297500000002e-01  -6.8083325000000028e-02  -2.4902083335000000e+01 #xyz tv0
           3.7534127748026075e-01   9.2670271377286184e-01  -2.6407526749238315e+01 #xyz tv1
           9.2054541500000009e-01   3.9054226000000020e-01  -2.4902083335000000e+01 #xyz tv2
           8.4979541000000003e-01   5.0688568499999997e-01  -2.4902083335000000e+01 -1 46 #xyz tv3 fid bid
           1.9861634437335685e+00   4.0947403636801849e-01  -2.6200705085251265e+01 #xyz tv0
           8.4979541000000003e-01   5.0688568499999997e-01  -2.4902083335000000e+01 #xyz tv1
           1.6606103983023623e+00   1.0310818014778653e+00  -2.5350953478251217e+01 #xyz tv2
           9.2054541500000009e-01   3.9054226000000020e-01  -2.4902083335000000e+01 -1 46 #xyz tv3 fid bid
           6.8242410000000003e-02   9.9766876999999987e-01  -2.2729166670000001e+01 #xyz tv0
           9.2054541500000009e-01   3.9054226000000020e-01  -2.4902083335000000e+01 #xyz tv1
           8.4979541000000003e-01   5.0688568499999997e-01  -2.4902083335000000e+01 #xyz tv2
           9.9534297500000002e-01  -6.8083325000000028e-02  -2.4902083335000000e+01 -1 46 #xyz tv3 fid bid
           1.6606103983023623e+00   1.0310818014778653e+00  -2.5350953478251217e+01 #xyz tv0
           9.2054541500000009e-01   3.9054226000000020e-01  -2.4902083335000000e+01 #xyz tv1
           8.4979541000000003e-01   5.0688568499999997e-01  -2.4902083335000000e+01 #xyz tv2
           2.0103879782754843e+00   7.9341942531936582e-01  -2.4034258780532571e+01 -1 46 #xyz tv3 fid bid
           6.8242410000000003e-02   9.9766876999999987e-01  -2.2729166670000001e+01 #xyz tv0
           8.4979541000000003e-01   5.0688568499999997e-01  -2.4902083335000000e+01 #xyz tv1
           9.2054541500000009e-01   3.9054226000000020e-01  -2.4902083335000000e+01 #xyz tv2
           8.1275335000000004e-01   5.6898681249999994e-01  -2.3815625002499999e+01 -1 46 #xyz tv3 fid bid
           8.1275335000000004e-01   5.6898681249999994e-01  -2.3815625002499999e+01 #xyz tv0
           9.2054541500000009e-01   3.9054226000000020e-01  -2.4902083335000000e+01 #xyz tv1
           2.0103879782754843e+00   7.9341942531936582e-01  -2.4034258780532571e+01 #xyz tv2
           8.4979541000000003e-01   5.0688568499999997e-01  -2.4902083335000000e+01 -1 46 #xyz tv3 fid bid
           9.2054541500000009e-01   3.9054226000000020e-01  -2.4902083335000000e+01 #xyz tv0
           9.2387953000000000e-01   3.8268342999999999e-01  -2.7074999999999996e+01 #xyz tv1
           8.4979541000000003e-01   5.0688568499999997e-01  -2.4902083335000000e+01 26 -1 #xyz tv2 fid bid
           8.1275335000000004e-01   5.6898681249999994e-01  -2.3815625002499999e+01 #xyz tv0
           9.2054541500000009e-01   3.9054226000000020e-01  -2.4902083335000000e+01 #xyz tv1
