G3dErrFileVersion 2018P3.1
FlagFileMetaData Begin
   Mesh Size - Setup1, Refinement, Pass #1, Freq. 2.450000e+09 :Title    
   Listing of mesh elements with small segments. :ToolTip  
   hf3d :Author   
   1668869094 :TimeStamp
FlagFileMetaData End
BEGIN_ERR 
26 Small mesh segment detected on body : muscle
 Small mesh segment detected on body : muscle 
 Segment Statistics - Number of Segments : 1 --- Segment length(s) : 7.953624mm. The cutoff frequency for S-Matrix Only Solve is 2.1413747MHz 
3 -1  64  66  # nfids, fids[]
2 62  -1  # nbids, bids[]
      5 2 1 0 #ntets ntri ned npts
          -3.0000000000000000e+01   1.6139687345648079e+00  -3.7746662967531300e+01 #xyz tv0
          -3.0000000000000000e+01  -3.4622336535539944e+00  -4.1524000000000001e+01 #xyz tv1
          -2.7021871301753102e+01   1.2690699223972970e+00  -3.8004711594076177e+01 #xyz tv2
          -3.0000000000000000e+01   4.4913905439898372e+00  -4.1524000000000001e+01 -1 62 #xyz tv3 fid bid
          -3.0000000000000000e+01   1.6139687345648079e+00  -3.7746662967531300e+01 #xyz tv0
          -3.3000000000000000e+01   1.1634091186737063e+01  -4.3152642183585542e+01 #xyz tv1
          -3.0000000000000000e+01  -3.4622336535539944e+00  -4.1524000000000001e+01 #xyz tv2
          -3.0000000000000000e+01   4.4913905439898372e+00  -4.1524000000000001e+01 -1 62 #xyz tv3 fid bid
          -2.7021871301753102e+01   1.2690699223972970e+00  -3.8004711594076177e+01 #xyz tv0
          -3.0000000000000000e+01  -3.4622336535539944e+00  -4.1524000000000001e+01 #xyz tv1
          -2.3925806240863089e+01   8.6257386739179642e-01  -4.1524000000000001e+01 #xyz tv2
          -3.0000000000000000e+01   4.4913905439898372e+00  -4.1524000000000001e+01 -1 62 #xyz tv3 fid bid
          -3.0000000000000000e+01  -3.4622336535539944e+00  -4.1524000000000001e+01 #xyz tv0
          -3.3000000000000000e+01   1.1634091186737063e+01  -4.3152642183585542e+01 #xyz tv1
          -1.7994085492879762e+01  -9.0717200299776515e+00  -5.1714500000000001e+01 #xyz tv2
          -3.0000000000000000e+01   4.4913905439898372e+00  -4.1524000000000001e+01 -1 62 #xyz tv3 fid bid
          -2.3925806240863089e+01   8.6257386739179642e-01  -4.1524000000000001e+01 #xyz tv0
          -3.0000000000000000e+01  -3.4622336535539944e+00  -4.1524000000000001e+01 #xyz tv1
          -1.7994085492879762e+01  -9.0717200299776515e+00  -5.1714500000000001e+01 #xyz tv2
          -3.0000000000000000e+01   4.4913905439898372e+00  -4.1524000000000001e+01 -1 62 #xyz tv3 fid bid
          -3.0000000000000000e+01   4.4913905439898372e+00  -4.1524000000000001e+01 #xyz tv0
          -2.3925806240863089e+01   8.6257386739179642e-01  -4.1524000000000001e+01 #xyz tv1
          -3.0000000000000000e+01  -3.4622336535539944e+00  -4.1524000000000001e+01 64 -1 #xyz tv2 fid bid
          -3.0000000000000000e+01   1.6139687345648079e+00  -3.7746662967531300e+01 #xyz tv0
          -3.0000000000000000e+01   4.4913905439898372e+00  -4.1524000000000001e+01 #xyz tv1
          -3.0000000000000000e+01  -3.4622336535539944e+00  -4.1524000000000001e+01 66 -1 #xyz tv2 fid bid
          -3.0000000000000000e+01  -3.4622336535539944e+00  -4.1524000000000001e+01 #xyz ev0
          -3.0000000000000000e+01   4.4913905439898372e+00  -4.1524000000000001e+01 -1 62 #xyz ev1 fid bid
   0   0.000000000000e+00   0.000000000000e+00   0.000000000000e+00 #flag location
END_ERR 
G3dErrFileVersion 2018P3.1
FlagFileMetaData Begin
   Mesh Size - Setup1, Refinement, Pass #2, Freq. 2.450000e+09 :Title    
   Listing of mesh elements with small segments. :ToolTip  
   hf3d :Author   
   1668869097 :TimeStamp
FlagFileMetaData End
BEGIN_ERR 
26 Small mesh segment detected on body : muscle
 Small mesh segment detected on body : muscle 
 Segment Statistics - Number of Segments : 1 --- Segment length(s) : 8.028218mm. The cutoff frequency for S-Matrix Only Solve is 2.1413747MHz 
3 -1  64  66  # nfids, fids[]
2 62  -1  # nbids, bids[]
      5 2 1 0 #ntets ntri ned npts
          -3.0000000000000000e+01   1.6139687345648079e+00  -3.7746662967531300e+01 #xyz tv0
          -3.0000000000000000e+01  -3.5368275317523512e+00  -4.1524000000000001e+01 #xyz tv1
          -2.7021871301753102e+01   1.2690699223972970e+00  -3.8004711594076184e+01 #xyz tv2
          -3.0000000000000000e+01   4.4913905439898372e+00  -4.1524000000000001e+01 -1 62 #xyz tv3 fid bid
          -3.0000000000000000e+01   1.6139687345648079e+00  -3.7746662967531300e+01 #xyz tv0
          -3.3000000000000000e+01   1.1634091186737063e+01  -4.3152642183585542e+01 #xyz tv1
          -3.0000000000000000e+01  -3.5368275317523512e+00  -4.1524000000000001e+01 #xyz tv2
          -3.0000000000000000e+01   4.4913905439898372e+00  -4.1524000000000001e+01 -1 62 #xyz tv3 fid bid
          -2.7021871301753102e+01   1.2690699223972970e+00  -3.8004711594076184e+01 #xyz tv0
          -3.0000000000000000e+01  -3.5368275317523512e+00  -4.1524000000000001e+01 #xyz tv1
          -2.3925806240863089e+01   8.6257386739179642e-01  -4.1524000000000001e+01 #xyz tv2
          -3.0000000000000000e+01   4.4913905439898372e+00  -4.1524000000000001e+01 -1 62 #xyz tv3 fid bid
          -3.0000000000000000e+01  -3.5368275317523512e+00  -4.1524000000000001e+01 #xyz tv0
          -3.3000000000000000e+01   1.1634091186737063e+01  -4.3152642183585542e+01 #xyz tv1
          -1.7994085492879762e+01  -9.0717200299776533e+00  -5.1714500000000001e+01 #xyz tv2
          -3.0000000000000000e+01   4.4913905439898372e+00  -4.1524000000000001e+01 -1 62 #xyz tv3 fid bid
          -2.3925806240863089e+01   8.6257386739179642e-01  -4.1524000000000001e+01 #xyz tv0
          -3.0000000000000000e+01  -3.5368275317523512e+00  -4.1524000000000001e+01 #xyz tv1
          -1.7994085492879762e+01  -9.0717200299776533e+00  -5.1714500000000001e+01 #xyz tv2
          -3.0000000000000000e+01   4.4913905439898372e+00  -4.1524000000000001e+01 -1 62 #xyz tv3 fid bid
          -3.0000000000000000e+01   4.4913905439898372e+00  -4.1524000000000001e+01 #xyz tv0
          -2.3925806240863089e+01   8.6257386739179642e-01  -4.1524000000000001e+01 #xyz tv1
          -3.0000000000000000e+01  -3.5368275317523512e+00  -4.1524000000000001e+01 64 -1 #xyz tv2 fid bid
          -3.0000000000000000e+01   1.6139687345648079e+00  -3.7746662967531300e+01 #xyz tv0
          -3.0000000000000000e+01   4.4913905439898372e+00  -4.1524000000000001e+01 #xyz tv1
          -3.0000000000000000e+01  -3.5368275317523512e+00  -4.1524000000000001e+01 66 -1 #xyz tv2 fid bid
          -3.0000000000000000e+01  -3.5368275317523512e+00  -4.1524000000000001e+01 #xyz ev0
          -3.0000000000000000e+01   4.4913905439898372e+00  -4.1524000000000001e+01 -1 62 #xyz ev1 fid bid
   0   0.000000000000e+00   0.000000000000e+00   0.000000000000e+00 #flag location
END_ERR 
BEGIN_ERR 
26 Small mesh segment detected on body : muscle
 Small mesh segment detected on body : muscle 
 Segment Statistics - Number of Segments : 1 --- Segment length(s) : 6.106516mm. The cutoff frequency for S-Matrix Only Solve is 2.1413747MHz 
2 -1  64  # nfids, fids[]
2 62  -1  # nbids, bids[]
      5 2 1 0 #ntets ntri ned npts
          -3.0000000000000000e+01   2.8054555406961299e+01  -4.1524000000000001e+01 #xyz tv0
          -3.0000000000000000e+01   2.3279803991317749e+01  -4.1524000000000001e+01 #xyz tv1
          -2.7034723683951427e+01   2.8088589419710367e+01  -3.7104345794556060e+01 #xyz tv2
          -2.6544857212158494e+01   2.8314833766095298e+01  -4.1524000000000001e+01 -1 62 #xyz tv3 fid bid
          -3.0000000000000000e+01   2.8054555406961299e+01  -4.1524000000000001e+01 #xyz tv0
          -2.6544857212158494e+01   2.8314833766095298e+01  -4.1524000000000001e+01 #xyz tv1
          -3.3000000000000000e+01   3.0750000000000000e+01  -5.1714500000000001e+01 #xyz tv2
          -3.0000000000000000e+01   2.3279803991317749e+01  -4.1524000000000001e+01 -1 62 #xyz tv3 fid bid
          -2.6544857212158494e+01   2.8314833766095298e+01  -4.1524000000000001e+01 #xyz tv0
          -2.3263296531168866e+01   2.3656888703264787e+01  -3.5945671643801063e+01 #xyz tv1
          -3.0000000000000000e+01   2.3279803991317749e+01  -4.1524000000000001e+01 #xyz tv2
          -2.7034723683951427e+01   2.8088589419710367e+01  -3.7104345794556060e+01 -1 62 #xyz tv3 fid bid
          -2.6544857212158494e+01   2.8314833766095298e+01  -4.1524000000000001e+01 #xyz tv0
          -3.3000000000000000e+01   3.0750000000000000e+01  -5.1714500000000001e+01 #xyz tv1
          -3.0000000000000000e+01   2.3279803991317749e+01  -4.1524000000000001e+01 #xyz tv2
          -2.3270222415769585e+01   2.3475645763099287e+01  -4.1524000000000001e+01 -1 62 #xyz tv3 fid bid
          -2.6544857212158494e+01   2.8314833766095298e+01  -4.1524000000000001e+01 #xyz tv0
          -3.0000000000000000e+01   2.3279803991317749e+01  -4.1524000000000001e+01 #xyz tv1
          -2.3263296531168866e+01   2.3656888703264787e+01  -3.5945671643801063e+01 #xyz tv2
          -2.3270222415769585e+01   2.3475645763099287e+01  -4.1524000000000001e+01 -1 62 #xyz tv3 fid bid
          -2.6544857212158494e+01   2.8314833766095298e+01  -4.1524000000000001e+01 #xyz tv0
          -2.3270222415769585e+01   2.3475645763099287e+01  -4.1524000000000001e+01 #xyz tv1
          -3.0000000000000000e+01   2.3279803991317749e+01  -4.1524000000000001e+01 64 -1 #xyz tv2 fid bid
          -3.0000000000000000e+01   2.3279803991317749e+01  -4.1524000000000001e+01 #xyz tv0
          -3.0000000000000000e+01   2.8054555406961299e+01  -4.1524000000000001e+01 #xyz tv1
          -2.6544857212158494e+01   2.8314833766095298e+01  -4.1524000000000001e+01 64 -1 #xyz tv2 fid bid
          -3.0000000000000000e+01   2.3279803991317749e+01  -4.1524000000000001e+01 #xyz ev0
          -2.6544857212158494e+01   2.8314833766095298e+01  -4.1524000000000001e+01 -1 62 #xyz ev1 fid bid
   0   0.000000000000e+00   0.000000000000e+00   0.000000000000e+00 #flag location
END_ERR 
G3dErrFileVersion 2018P3.1
FlagFileMetaData Begin
   Mesh Size - Setup1, Refinement, Pass #3, Freq. 2.450000e+09 :Title    
   Listing of mesh elements with small segments. :ToolTip  
   hf3d :Author   
   1668869100 :TimeStamp
FlagFileMetaData End
BEGIN_ERR 
26 Small mesh segment detected on body : AIR
 Small mesh segment detected on body : AIR 
 Segment Statistics - Number of Segments : 1 --- Segment length(s) : 0.093275mm. The cutoff frequency for S-Matrix Only Solve is 2.1413747MHz 
1 -1  # nfids, fids[]
1 935  # nbids, bids[]
      6 0 1 0 #ntets ntri ned npts
           7.0203453103587465e-01  -1.9898381217696471e+01   3.0787808976254383e-01 #xyz tv0
           8.2784567606324932e-01  -1.9919946313245070e+01   2.3528602688584258e-01 #xyz tv1
           8.2500000000000007e-01  -2.0000000000000000e+01   1.8750000000000000e-01 #xyz tv2
           7.2760271889439665e-01  -2.0000000000000000e+01   4.6366051902836308e-01 -1 935 #xyz tv3 fid bid
           8.2784567606324932e-01  -1.9919946313245070e+01   2.3528602688584258e-01 #xyz tv0
           8.2500000000000007e-01  -2.0000000000000000e+01   1.8750000000000000e-01 #xyz tv1
           7.2760271889439665e-01  -2.0000000000000000e+01   4.6366051902836308e-01 #xyz tv2
           8.6836269900269680e-01  -2.0000000000000000e+01   4.2487900810794166e-01 -1 935 #xyz tv3 fid bid
           9.0000000000000036e-01  -2.0000000000000000e+01   0.0000000000000000e+00 #xyz tv0
           6.9999999999999996e-01  -2.0000000000000000e+01   0.0000000000000000e+00 #xyz tv1
           8.2784567606324932e-01  -1.9919946313245070e+01   2.3528602688584258e-01 #xyz tv2
           8.2500000000000007e-01  -2.0000000000000000e+01   1.8750000000000000e-01 -1 935 #xyz tv3 fid bid
           7.0203453103587465e-01  -1.9898381217696471e+01   3.0787808976254383e-01 #xyz tv0
           8.2500000000000007e-01  -2.0000000000000000e+01   1.8750000000000000e-01 #xyz tv1
           8.2784567606324932e-01  -1.9919946313245070e+01   2.3528602688584258e-01 #xyz tv2
           6.9999999999999996e-01  -2.0000000000000000e+01   0.0000000000000000e+00 -1 935 #xyz tv3 fid bid
           8.2784567606324932e-01  -1.9919946313245070e+01   2.3528602688584258e-01 #xyz tv0
           1.0718750000000004e+00  -2.0000000000000000e+01   3.7499999999999989e-01 #xyz tv1
           8.2500000000000007e-01  -2.0000000000000000e+01   1.8750000000000000e-01 #xyz tv2
           8.6836269900269680e-01  -2.0000000000000000e+01   4.2487900810794166e-01 -1 935 #xyz tv3 fid bid
           9.0000000000000036e-01  -2.0000000000000000e+01   0.0000000000000000e+00 #xyz tv0
           8.2500000000000007e-01  -2.0000000000000000e+01   1.8750000000000000e-01 #xyz tv1
           8.2784567606324932e-01  -1.9919946313245070e+01   2.3528602688584258e-01 #xyz tv2
           1.0718750000000004e+00  -2.0000000000000000e+01   3.7499999999999989e-01 -1 935 #xyz tv3 fid bid
           8.2500000000000007e-01  -2.0000000000000000e+01   1.8750000000000000e-01 #xyz ev0
           8.2784567606324932e-01  -1.9919946313245070e+01   2.3528602688584258e-01 -1 935 #xyz ev1 fid bid
   0   0.000000000000e+00   0.000000000000e+00   0.000000000000e+00 #flag location
END_ERR 
BEGIN_ERR 
26 Small mesh segment detected on body : muscle
 Small mesh segment detected on body : muscle 
 Segment Statistics - Number of Segments : 1 --- Segment length(s) : 8.051529mm. The cutoff frequency for S-Matrix Only Solve is 2.1413747MHz 
3 -1  64  66  # nfids, fids[]
2 62  -1  # nbids, bids[]
      5 2 1 0 #ntets ntri ned npts
          -3.0000000000000000e+01   1.6139687345648079e+00  -3.7746662967531300e+01 #xyz tv0
          -3.0000000000000000e+01  -3.5601381186893377e+00  -4.1524000000000001e+01 #xyz tv1
          -2.7041750685130481e+01   1.0755215927761805e+00  -3.7617537871098705e+01 #xyz tv2
          -3.0000000000000000e+01   4.4913905439898372e+00  -4.1524000000000001e+01 -1 62 #xyz tv3 fid bid
          -3.0000000000000000e+01   1.6139687345648079e+00  -3.7746662967531300e+01 #xyz tv0
          -3.3000000000000000e+01   1.1634091186737063e+01  -4.3152642183585542e+01 #xyz tv1
          -3.0000000000000000e+01  -3.5601381186893377e+00  -4.1524000000000001e+01 #xyz tv2
          -3.0000000000000000e+01   4.4913905439898372e+00  -4.1524000000000001e+01 -1 62 #xyz tv3 fid bid
          -2.7041750685130481e+01   1.0755215927761805e+00  -3.7617537871098705e+01 #xyz tv0
          -3.0000000000000000e+01  -3.5601381186893377e+00  -4.1524000000000001e+01 #xyz tv1
          -2.3925806240863089e+01   8.6257386739179642e-01  -4.1524000000000001e+01 #xyz tv2
          -3.0000000000000000e+01   4.4913905439898372e+00  -4.1524000000000001e+01 -1 62 #xyz tv3 fid bid
          -3.0000000000000000e+01  -3.5601381186893377e+00  -4.1524000000000001e+01 #xyz tv0
          -3.3000000000000000e+01   1.1634091186737063e+01  -4.3152642183585542e+01 #xyz tv1
          -1.7994085492879762e+01  -9.0717200299776550e+00  -5.1714500000000001e+01 #xyz tv2
          -3.0000000000000000e+01   4.4913905439898372e+00  -4.1524000000000001e+01 -1 62 #xyz tv3 fid bid
          -2.3925806240863089e+01   8.6257386739179642e-01  -4.1524000000000001e+01 #xyz tv0
          -3.0000000000000000e+01  -3.5601381186893377e+00  -4.1524000000000001e+01 #xyz tv1
          -1.7994085492879762e+01  -9.0717200299776550e+00  -5.1714500000000001e+01 #xyz tv2
          -3.0000000000000000e+01   4.4913905439898372e+00  -4.1524000000000001e+01 -1 62 #xyz tv3 fid bid
          -3.0000000000000000e+01   4.4913905439898372e+00  -4.1524000000000001e+01 #xyz tv0
          -2.3925806240863089e+01   8.6257386739179642e-01  -4.1524000000000001e+01 #xyz tv1
          -3.0000000000000000e+01  -3.5601381186893377e+00  -4.1524000000000001e+01 64 -1 #xyz tv2 fid bid
          -3.0000000000000000e+01   1.6139687345648079e+00  -3.7746662967531300e+01 #xyz tv0
          -3.0000000000000000e+01   4.4913905439898372e+00  -4.1524000000000001e+01 #xyz tv1
          -3.0000000000000000e+01  -3.5601381186893377e+00  -4.1524000000000001e+01 66 -1 #xyz tv2 fid bid
          -3.0000000000000000e+01  -3.5601381186893377e+00  -4.1524000000000001e+01 #xyz ev0
          -3.0000000000000000e+01   4.4913905439898372e+00  -4.1524000000000001e+01 -1 62 #xyz ev1 fid bid
   0   0.000000000000e+00   0.000000000000e+00   0.000000000000e+00 #flag location
END_ERR 
G3dErrFileVersion 2018P3.1
FlagFileMetaData Begin
   Mesh Size - Setup1, Refinement, Pass #4, Freq. 2.450000e+09 :Title    
   Listing of mesh elements with small segments. :ToolTip  
   hf3d :Author   
   1668869104 :TimeStamp
FlagFileMetaData End
BEGIN_ERR 
26 Small mesh segment detected on body : AIR
 Small mesh segment detected on body : AIR 
 Segment Statistics - Number of Segments : 1 --- Segment length(s) : 0.087875mm. The cutoff frequency for S-Matrix Only Solve is 2.1413747MHz 
1 -1  # nfids, fids[]
1 935  # nbids, bids[]
      8 0 1 0 #ntets ntri ned npts
           1.1256690979003907e+00  -2.0000000000000000e+01   0.0000000000000000e+00 #xyz tv0
           9.0000000000000036e-01  -2.0000000000000000e+01   0.0000000000000000e+00 #xyz tv1
           8.2784567606324932e-01  -1.9919946313245070e+01   2.3528602688584258e-01 #xyz tv2
           8.4067202672740515e-01  -2.0000000000000000e+01   2.0139023149300159e-01 -1 935 #xyz tv3 fid bid
           1.1256690979003907e+00  -2.0000000000000000e+01   0.0000000000000000e+00 #xyz tv0
           8.2784567606324932e-01  -1.9919946313245070e+01   2.3528602688584258e-01 #xyz tv1
           1.1653218881054128e+00  -2.0000000000000000e+01   2.0269440437273489e-01 #xyz tv2
           8.4067202672740515e-01  -2.0000000000000000e+01   2.0139023149300159e-01 -1 935 #xyz tv3 fid bid
           9.0000000000000036e-01  -2.0000000000000000e+01   0.0000000000000000e+00 #xyz tv0
           6.9999999999999996e-01  -2.0000000000000000e+01   0.0000000000000000e+00 #xyz tv1
           8.2784567606324932e-01  -1.9919946313245070e+01   2.3528602688584258e-01 #xyz tv2
           8.4067202672740515e-01  -2.0000000000000000e+01   2.0139023149300159e-01 -1 935 #xyz tv3 fid bid
           1.1653218881054128e+00  -2.0000000000000000e+01   2.0269440437273489e-01 #xyz tv0
           8.2784567606324932e-01  -1.9919946313245070e+01   2.3528602688584258e-01 #xyz tv1
           1.0674732661846442e+00  -2.0000000000000000e+01   4.4004637727843499e-01 #xyz tv2
           8.4067202672740515e-01  -2.0000000000000000e+01   2.0139023149300159e-01 -1 935 #xyz tv3 fid bid
           7.0203453103587465e-01  -1.9898381217696471e+01   3.0787808976254383e-01 #xyz tv0
           8.4067202672740515e-01  -2.0000000000000000e+01   2.0139023149300159e-01 #xyz tv1
           8.2784567606324932e-01  -1.9919946313245070e+01   2.3528602688584258e-01 #xyz tv2
           6.9999999999999996e-01  -2.0000000000000000e+01   0.0000000000000000e+00 -1 935 #xyz tv3 fid bid
           8.2784567606324932e-01  -1.9919946313245070e+01   2.3528602688584258e-01 #xyz tv0
           1.0674732661846442e+00  -2.0000000000000000e+01   4.4004637727843499e-01 #xyz tv1
           8.4067202672740515e-01  -2.0000000000000000e+01   2.0139023149300159e-01 #xyz tv2
           8.7519023585811540e-01  -2.0000000000000000e+01   4.4632148295662577e-01 -1 935 #xyz tv3 fid bid
           7.0203453103587465e-01  -1.9898381217696471e+01   3.0787808976254383e-01 #xyz tv0
           8.2784567606324932e-01  -1.9919946313245070e+01   2.3528602688584258e-01 #xyz tv1
           8.4067202672740515e-01  -2.0000000000000000e+01   2.0139023149300159e-01 #xyz tv2
           7.2760271889439665e-01  -2.0000000000000000e+01   4.6366051902836314e-01 -1 935 #xyz tv3 fid bid
           8.2784567606324932e-01  -1.9919946313245070e+01   2.3528602688584258e-01 #xyz tv0
           8.4067202672740515e-01  -2.0000000000000000e+01   2.0139023149300159e-01 #xyz tv1
           7.2760271889439665e-01  -2.0000000000000000e+01   4.6366051902836314e-01 #xyz tv2
           8.7519023585811540e-01  -2.0000000000000000e+01   4.4632148295662577e-01 -1 935 #xyz tv3 fid bid
           8.4067202672740515e-01  -2.0000000000000000e+01   2.0139023149300159e-01 #xyz ev0
           8.2784567606324932e-01  -1.9919946313245070e+01   2.3528602688584258e-01 -1 935 #xyz ev1 fid bid
   0   0.000000000000e+00   0.000000000000e+00   0.000000000000e+00 #flag location
END_ERR 
BEGIN_ERR 
26 Small mesh segment detected on body : substrate
 Small mesh segment detected on body : substrate 
 Segment Statistics - Number of Segments : 1 --- Segment length(s) : 0.090612mm. The cutoff frequency for S-Matrix Only Solve is 2.1413747MHz 
1 -1  # nfids, fids[]
1 1364  # nbids, bids[]
      6 0 1 0 #ntets ntri ned npts
          -6.9165840759214436e-01  -1.9929528264489388e+01  -1.8533590749703283e-01 #xyz tv0
          -9.3895756334840730e-01  -2.0000000000000000e+01  -3.7936447881947710e-01 #xyz tv1
          -7.4428102425347253e-01  -1.9894922258603373e+01  -1.2019193786381085e-01 #xyz tv2
          -7.5983701986633234e-01  -2.0000000000000000e+01  -1.6962284464564398e-01 -1 1364 #xyz tv3 fid bid
          -6.9165840759214436e-01  -1.9929528264489388e+01  -1.8533590749703283e-01 #xyz tv0
          -7.4428102425347253e-01  -1.9894922258603373e+01  -1.2019193786381085e-01 #xyz tv1
          -9.3895756334840730e-01  -2.0000000000000000e+01  -3.7936447881947710e-01 #xyz tv2
          -8.3276870514622425e-01  -1.9732838787731019e+01  -2.1557331959073225e-01 -1 1364 #xyz tv3 fid bid
          -6.9165840759214436e-01  -1.9929528264489388e+01  -1.8533590749703283e-01 #xyz tv0
          -6.9999999999999996e-01  -2.0000000000000000e+01   0.0000000000000000e+00 #xyz tv1
          -7.5983701986633234e-01  -2.0000000000000000e+01  -1.6962284464564398e-01 #xyz tv2
          -7.4428102425347253e-01  -1.9894922258603373e+01  -1.2019193786381085e-01 -1 1364 #xyz tv3 fid bid
          -6.9165840759214436e-01  -1.9929528264489388e+01  -1.8533590749703283e-01 #xyz tv0
          -8.3276870514622425e-01  -1.9732838787731019e+01  -2.1557331959073225e-01 #xyz tv1
          -5.3725024398047228e-01  -1.9752259440981163e+01  -2.0351373895667560e-01 #xyz tv2
          -7.4428102425347253e-01  -1.9894922258603373e+01  -1.2019193786381085e-01 -1 1364 #xyz tv3 fid bid
          -6.9165840759214436e-01  -1.9929528264489388e+01  -1.8533590749703283e-01 #xyz tv0
          -4.5996204374941951e-01  -2.0000000000000000e+01   0.0000000000000000e+00 #xyz tv1
          -6.9999999999999996e-01  -2.0000000000000000e+01   0.0000000000000000e+00 #xyz tv2
          -7.4428102425347253e-01  -1.9894922258603373e+01  -1.2019193786381085e-01 -1 1364 #xyz tv3 fid bid
          -6.9165840759214436e-01  -1.9929528264489388e+01  -1.8533590749703283e-01 #xyz tv0
          -5.3725024398047228e-01  -1.9752259440981163e+01  -2.0351373895667560e-01 #xyz tv1
          -4.5996204374941951e-01  -2.0000000000000000e+01   0.0000000000000000e+00 #xyz tv2
          -7.4428102425347253e-01  -1.9894922258603373e+01  -1.2019193786381085e-01 -1 1364 #xyz tv3 fid bid
          -7.4428102425347253e-01  -1.9894922258603373e+01  -1.2019193786381085e-01 #xyz ev0
          -6.9165840759214436e-01  -1.9929528264489388e+01  -1.8533590749703283e-01 -1 1364 #xyz ev1 fid bid
   0   0.000000000000e+00   0.000000000000e+00   0.000000000000e+00 #flag location
END_ERR 
BEGIN_ERR 
26 Small mesh segment detected on body : substrate
 Small mesh segment detected on body : substrate 
 Segment Statistics - Number of Segments : 1 --- Segment length(s) : 0.092565mm. The cutoff frequency for S-Matrix Only Solve is 2.1413747MHz 
1 -1  # nfids, fids[]
1 1364  # nbids, bids[]
      7 0 1 0 #ntets ntri ned npts
           7.0010698777429115e-01  -1.9369442031177545e+01  -1.1083098517261938e-01 #xyz tv0
           7.7862261907659946e-01  -1.9448990304763189e+01  -7.8311925292845252e-02 #xyz tv1
           8.1726783968804917e-01  -1.9376424961959355e+01  -1.2084624589941989e-01 #xyz tv2
           7.0161294781831485e-01  -1.9441269574078138e+01  -2.1864308672807792e-01 -1 1364 #xyz tv3 fid bid
           7.0010698777429115e-01  -1.9369442031177545e+01  -1.1083098517261938e-01 #xyz tv0
           8.1726783968804917e-01  -1.9376424961959355e+01  -1.2084624589941989e-01 #xyz tv1
           7.7862261907659946e-01  -1.9448990304763189e+01  -7.8311925292845252e-02 #xyz tv2
           6.9999999999999996e-01  -1.9339980387967081e+01   0.0000000000000000e+00 -1 1364 #xyz tv3 fid bid
           7.7862261907659946e-01  -1.9448990304763189e+01  -7.8311925292845252e-02 #xyz tv0
           8.1726783968804917e-01  -1.9376424961959355e+01  -1.2084624589941989e-01 #xyz tv1
           7.0161294781831485e-01  -1.9441269574078138e+01  -2.1864308672807792e-01 #xyz tv2
           8.0025343785012004e-01  -1.9583493165471261e+01  -1.3854472997761219e-01 -1 1364 #xyz tv3 fid bid
           7.7862261907659946e-01  -1.9448990304763189e+01  -7.8311925292845252e-02 #xyz tv0
           8.1726783968804917e-01  -1.9376424961959355e+01  -1.2084624589941989e-01 #xyz tv1
           9.0000000000000036e-01  -1.9218856902372892e+01   0.0000000000000000e+00 #xyz tv2
           6.9999999999999996e-01  -1.9339980387967081e+01   0.0000000000000000e+00 -1 1364 #xyz tv3 fid bid
           8.1726783968804917e-01  -1.9376424961959355e+01  -1.2084624589941989e-01 #xyz tv0
           7.7862261907659946e-01  -1.9448990304763189e+01  -7.8311925292845252e-02 #xyz tv1
           9.4690696039388600e-01  -1.9579609513428728e+01  -1.4769395896743645e-01 #xyz tv2
           8.0025343785012004e-01  -1.9583493165471261e+01  -1.3854472997761219e-01 -1 1364 #xyz tv3 fid bid
           9.5070673446624443e-01  -1.9353883545307237e+01  -1.0659965367041163e-01 #xyz tv0
           7.7862261907659946e-01  -1.9448990304763189e+01  -7.8311925292845252e-02 #xyz tv1
           8.1726783968804917e-01  -1.9376424961959355e+01  -1.2084624589941989e-01 #xyz tv2
           9.0000000000000036e-01  -1.9218856902372892e+01   0.0000000000000000e+00 -1 1364 #xyz tv3 fid bid
           9.5070673446624443e-01  -1.9353883545307237e+01  -1.0659965367041163e-01 #xyz tv0
           8.1726783968804917e-01  -1.9376424961959355e+01  -1.2084624589941989e-01 #xyz tv1
           7.7862261907659946e-01  -1.9448990304763189e+01  -7.8311925292845252e-02 #xyz tv2
           9.4690696039388600e-01  -1.9579609513428728e+01  -1.4769395896743645e-01 -1 1364 #xyz tv3 fid bid
           7.7862261907659946e-01  -1.9448990304763189e+01  -7.8311925292845252e-02 #xyz ev0
           8.1726783968804917e-01  -1.9376424961959355e+01  -1.2084624589941989e-01 -1 1364 #xyz ev1 fid bid
   0   0.000000000000e+00   0.000000000000e+00   0.000000000000e+00 #flag location
END_ERR 
G3dErrFileVersion 2018P3.1
FlagFileMetaData Begin
   Mesh Size - Setup1, Refinement, Pass #5, Freq. 2.450000e+09 :Title    
   Listing of mesh elements with small segments. :ToolTip  
   hf3d :Author   
   1668869108 :TimeStamp
FlagFileMetaData End
BEGIN_ERR 
26 Small mesh segment detected on body : substrate
 Small mesh segment detected on body : substrate 
 Segment Statistics - Number of Segments : 1 --- Segment length(s) : 0.075446mm. The cutoff frequency for S-Matrix Only Solve is 2.1413747MHz 
1 -1  # nfids, fids[]
1 1364  # nbids, bids[]
      5 0 1 0 #ntets ntri ned npts
           8.0991035803628719e-01  -1.9684886596237344e+01  -8.3479688670896807e-02 #xyz tv0
           7.4501281583664802e-01  -1.9557024230801119e+01  -6.3470285622540062e-02 #xyz tv1
           7.0250400227594190e-01  -1.9595088370561861e+01  -1.1282882123636973e-01 #xyz tv2
           7.9980587979740569e-01  -1.9587310562639999e+01  -1.4499228331526426e-01 -1 1364 #xyz tv3 fid bid
           8.0991035803628719e-01  -1.9684886596237344e+01  -8.3479688670896807e-02 #xyz tv0
           7.0250400227594190e-01  -1.9595088370561861e+01  -1.1282882123636973e-01 #xyz tv1
           7.4501281583664802e-01  -1.9557024230801119e+01  -6.3470285622540062e-02 #xyz tv2
           6.9999999999999996e-01  -1.9668813114298977e+01   0.0000000000000000e+00 -1 1364 #xyz tv3 fid bid
           7.4501281583664802e-01  -1.9557024230801119e+01  -6.3470285622540062e-02 #xyz tv0
           7.0250400227594190e-01  -1.9595088370561861e+01  -1.1282882123636973e-01 #xyz tv1
           7.9980587979740569e-01  -1.9587310562639999e+01  -1.4499228331526426e-01 #xyz tv2
           7.7862261907659958e-01  -1.9448990304763189e+01  -7.8311925292845252e-02 -1 1364 #xyz tv3 fid bid
           7.4501281583664802e-01  -1.9557024230801119e+01  -6.3470285622540062e-02 #xyz tv0
           7.0250400227594190e-01  -1.9595088370561861e+01  -1.1282882123636973e-01 #xyz tv1
           5.7454613519372000e-01  -1.9498451953940442e+01  -1.0390352974455530e-01 #xyz tv2
           6.9999999999999996e-01  -1.9668813114298977e+01   0.0000000000000000e+00 -1 1364 #xyz tv3 fid bid
           7.4501281583664802e-01  -1.9557024230801119e+01  -6.3470285622540062e-02 #xyz tv0
           5.7454613519372000e-01  -1.9498451953940442e+01  -1.0390352974455530e-01 #xyz tv1
           7.0250400227594190e-01  -1.9595088370561861e+01  -1.1282882123636973e-01 #xyz tv2
           7.7862261907659958e-01  -1.9448990304763189e+01  -7.8311925292845252e-02 -1 1364 #xyz tv3 fid bid
           7.4501281583664802e-01  -1.9557024230801119e+01  -6.3470285622540062e-02 #xyz ev0
           7.0250400227594190e-01  -1.9595088370561861e+01  -1.1282882123636973e-01 -1 1364 #xyz ev1 fid bid
   0   0.000000000000e+00   0.000000000000e+00   0.000000000000e+00 #flag location
END_ERR 
BEGIN_ERR 
26 Small mesh segment detected on body : AIR
 Small mesh segment detected on body : AIR 
 Segment Statistics - Number of Segments : 1 --- Segment length(s) : 0.087875mm. The cutoff frequency for S-Matrix Only Solve is 2.1413747MHz 
1 -1  # nfids, fids[]
1 935  # nbids, bids[]
      8 0 1 0 #ntets ntri ned npts
           1.1349929571151736e+00  -2.0000000000000000e+01   0.0000000000000000e+00 #xyz tv0
           9.0000000000000036e-01  -2.0000000000000000e+01   0.0000000000000000e+00 #xyz tv1
           8.2784567606324932e-01  -1.9919946313245070e+01   2.3528602688584258e-01 #xyz tv2
           8.4067202672740526e-01  -2.0000000000000000e+01   2.0139023149300161e-01 -1 935 #xyz tv3 fid bid
           1.1349929571151736e+00  -2.0000000000000000e+01   0.0000000000000000e+00 #xyz tv0
           8.2784567606324932e-01  -1.9919946313245070e+01   2.3528602688584258e-01 #xyz tv1
           1.1741361926366229e+00  -2.0000000000000000e+01   2.0728795362697913e-01 #xyz tv2
           8.4067202672740526e-01  -2.0000000000000000e+01   2.0139023149300161e-01 -1 935 #xyz tv3 fid bid
           9.0000000000000036e-01  -2.0000000000000000e+01   0.0000000000000000e+00 #xyz tv0
           6.9999999999999996e-01  -2.0000000000000000e+01   0.0000000000000000e+00 #xyz tv1
           8.2784567606324932e-01  -1.9919946313245070e+01   2.3528602688584258e-01 #xyz tv2
           8.4067202672740526e-01  -2.0000000000000000e+01   2.0139023149300161e-01 -1 935 #xyz tv3 fid bid
           1.1741361926366229e+00  -2.0000000000000000e+01   2.0728795362697913e-01 #xyz tv0
           8.2784567606324932e-01  -1.9919946313245070e+01   2.3528602688584258e-01 #xyz tv1
           1.0674732661846442e+00  -2.0000000000000000e+01   4.4004637727843499e-01 #xyz tv2
           8.4067202672740526e-01  -2.0000000000000000e+01   2.0139023149300161e-01 -1 935 #xyz tv3 fid bid
           7.0203453103587465e-01  -1.9898381217696471e+01   3.0787808976254383e-01 #xyz tv0
           8.4067202672740526e-01  -2.0000000000000000e+01   2.0139023149300161e-01 #xyz tv1
           8.2784567606324932e-01  -1.9919946313245070e+01   2.3528602688584258e-01 #xyz tv2
           6.9999999999999996e-01  -2.0000000000000000e+01   0.0000000000000000e+00 -1 935 #xyz tv3 fid bid
           8.2784567606324932e-01  -1.9919946313245070e+01   2.3528602688584258e-01 #xyz tv0
           1.0674732661846442e+00  -2.0000000000000000e+01   4.4004637727843499e-01 #xyz tv1
           8.4067202672740526e-01  -2.0000000000000000e+01   2.0139023149300161e-01 #xyz tv2
           8.7519023585811551e-01  -2.0000000000000000e+01   4.4632148295662577e-01 -1 935 #xyz tv3 fid bid
           7.0203453103587465e-01  -1.9898381217696471e+01   3.0787808976254383e-01 #xyz tv0
           8.2784567606324932e-01  -1.9919946313245070e+01   2.3528602688584258e-01 #xyz tv1
           8.4067202672740526e-01  -2.0000000000000000e+01   2.0139023149300161e-01 #xyz tv2
           7.2760271889439665e-01  -2.0000000000000000e+01   4.6366051902836314e-01 -1 935 #xyz tv3 fid bid
           8.2784567606324932e-01  -1.9919946313245070e+01   2.3528602688584258e-01 #xyz tv0
           8.4067202672740526e-01  -2.0000000000000000e+01   2.0139023149300161e-01 #xyz tv1
           7.2760271889439665e-01  -2.0000000000000000e+01   4.6366051902836314e-01 #xyz tv2
           8.7519023585811551e-01  -2.0000000000000000e+01   4.4632148295662577e-01 -1 935 #xyz tv3 fid bid
           8.4067202672740526e-01  -2.0000000000000000e+01   2.0139023149300161e-01 #xyz ev0
           8.2784567606324932e-01  -1.9919946313245070e+01   2.3528602688584258e-01 -1 935 #xyz ev1 fid bid
   0   0.000000000000e+00   0.000000000000e+00   0.000000000000e+00 #flag location
END_ERR 
BEGIN_ERR 
26 Small mesh segment detected on body : substrate
 Small mesh segment detected on body : substrate 
 Segment Statistics - Number of Segments : 1 --- Segment length(s) : 0.092565mm. The cutoff frequency for S-Matrix Only Solve is 2.1413747MHz 
1 -1  # nfids, fids[]
1 1364  # nbids, bids[]
      7 0 1 0 #ntets ntri ned npts
           6.9844717490183261e-01  -1.9377511733092781e+01  -1.1033175483648001e-01 #xyz tv0
           8.1726783968804928e-01  -1.9376424961959355e+01  -1.2084624589941989e-01 #xyz tv1
           7.7862261907659958e-01  -1.9448990304763189e+01  -7.8311925292845252e-02 #xyz tv2
           6.9999999999999996e-01  -1.9356593557858062e+01   0.0000000000000000e+00 -1 1364 #xyz tv3 fid bid
           6.9844717490183261e-01  -1.9377511733092781e+01  -1.1033175483648001e-01 #xyz tv0
           7.7862261907659958e-01  -1.9448990304763189e+01  -7.8311925292845252e-02 #xyz tv1
           8.1726783968804928e-01  -1.9376424961959355e+01  -1.2084624589941989e-01 #xyz tv2
           6.9144533225987659e-01  -1.9450673528509363e+01  -2.1844646378893762e-01 -1 1364 #xyz tv3 fid bid
           7.7862261907659958e-01  -1.9448990304763189e+01  -7.8311925292845252e-02 #xyz tv0
           8.1726783968804928e-01  -1.9376424961959355e+01  -1.2084624589941989e-01 #xyz tv1
           9.0000000000000036e-01  -1.9213160960931766e+01   0.0000000000000000e+00 #xyz tv2
           6.9999999999999996e-01  -1.9356593557858062e+01   0.0000000000000000e+00 -1 1364 #xyz tv3 fid bid
           7.7862261907659958e-01  -1.9448990304763189e+01  -7.8311925292845252e-02 #xyz tv0
           8.1726783968804928e-01  -1.9376424961959355e+01  -1.2084624589941989e-01 #xyz tv1
           6.9144533225987659e-01  -1.9450673528509363e+01  -2.1844646378893762e-01 #xyz tv2
           7.9980587979740569e-01  -1.9587310562639999e+01  -1.4499228331526426e-01 -1 1364 #xyz tv3 fid bid
           9.5070673446624454e-01  -1.9353883545307241e+01  -1.0659965367041163e-01 #xyz tv0
           7.7862261907659958e-01  -1.9448990304763189e+01  -7.8311925292845252e-02 #xyz tv1
           8.1726783968804928e-01  -1.9376424961959355e+01  -1.2084624589941989e-01 #xyz tv2
           9.0000000000000036e-01  -1.9213160960931766e+01   0.0000000000000000e+00 -1 1364 #xyz tv3 fid bid
           8.1726783968804928e-01  -1.9376424961959355e+01  -1.2084624589941989e-01 #xyz tv0
           7.7862261907659958e-01  -1.9448990304763189e+01  -7.8311925292845252e-02 #xyz tv1
           9.4620933326704715e-01  -1.9583066002835359e+01  -1.5651052171507951e-01 #xyz tv2
           7.9980587979740569e-01  -1.9587310562639999e+01  -1.4499228331526426e-01 -1 1364 #xyz tv3 fid bid
           9.5070673446624454e-01  -1.9353883545307241e+01  -1.0659965367041163e-01 #xyz tv0
           8.1726783968804928e-01  -1.9376424961959355e+01  -1.2084624589941989e-01 #xyz tv1
           7.7862261907659958e-01  -1.9448990304763189e+01  -7.8311925292845252e-02 #xyz tv2
           9.4620933326704715e-01  -1.9583066002835359e+01  -1.5651052171507951e-01 -1 1364 #xyz tv3 fid bid
           7.7862261907659958e-01  -1.9448990304763189e+01  -7.8311925292845252e-02 #xyz ev0
           8.1726783968804928e-01  -1.9376424961959355e+01  -1.2084624589941989e-01 -1 1364 #xyz ev1 fid bid
   0   0.000000000000e+00   0.000000000000e+00   0.000000000000e+00 #flag location
END_ERR 
G3dErrFileVersion 2018P3.1
FlagFileMetaData Begin
   Mesh Size - Setup1, Refinement, Pass #6, Freq. 2.450000e+09 :Title    
   Listing of mesh elements with small segments. :ToolTip  
   hf3d :Author   
   1668869113 :TimeStamp
FlagFileMetaData End
BEGIN_ERR 
26 Small mesh segment detected on body : substrate
 Small mesh segment detected on body : substrate 
 Segment Statistics - Number of Segments : 1 --- Segment length(s) : 0.070200mm. The cutoff frequency for S-Matrix Only Solve is 2.1413747MHz 
1 -1  # nfids, fids[]
1 1364  # nbids, bids[]
      5 0 1 0 #ntets ntri ned npts
           8.0991035803628719e-01  -1.9684886596237348e+01  -8.3479688670896807e-02 #xyz tv0
           7.4767003567533719e-01  -1.9565955056613376e+01  -6.7669871907943546e-02 #xyz tv1
           7.0250400227594190e-01  -1.9595088370561861e+01  -1.1282882123636973e-01 #xyz tv2
           8.0975656255911910e-01  -1.9600842209175497e+01  -1.4649213031636704e-01 -1 1364 #xyz tv3 fid bid
           8.0991035803628719e-01  -1.9684886596237348e+01  -8.3479688670896807e-02 #xyz tv0
           7.0250400227594190e-01  -1.9595088370561861e+01  -1.1282882123636973e-01 #xyz tv1
           7.4767003567533719e-01  -1.9565955056613376e+01  -6.7669871907943546e-02 #xyz tv2
           6.9999999999999996e-01  -1.9668813114298977e+01   0.0000000000000000e+00 -1 1364 #xyz tv3 fid bid
           7.4767003567533719e-01  -1.9565955056613376e+01  -6.7669871907943546e-02 #xyz tv0
           7.0250400227594190e-01  -1.9595088370561861e+01  -1.1282882123636973e-01 #xyz tv1
           8.0975656255911910e-01  -1.9600842209175497e+01  -1.4649213031636704e-01 #xyz tv2
           7.8189316980771018e-01  -1.9482532052044842e+01  -1.0121476204033344e-01 -1 1364 #xyz tv3 fid bid
           7.4767003567533719e-01  -1.9565955056613376e+01  -6.7669871907943546e-02 #xyz tv0
           7.0250400227594190e-01  -1.9595088370561861e+01  -1.1282882123636973e-01 #xyz tv1
           5.8081533940393604e-01  -1.9491740466924750e+01  -1.0226847376997897e-01 #xyz tv2
           6.9999999999999996e-01  -1.9668813114298977e+01   0.0000000000000000e+00 -1 1364 #xyz tv3 fid bid
           7.4767003567533719e-01  -1.9565955056613376e+01  -6.7669871907943546e-02 #xyz tv0
           5.8081533940393604e-01  -1.9491740466924750e+01  -1.0226847376997897e-01 #xyz tv1
           7.0250400227594190e-01  -1.9595088370561861e+01  -1.1282882123636973e-01 #xyz tv2
           7.8189316980771018e-01  -1.9482532052044842e+01  -1.0121476204033344e-01 -1 1364 #xyz tv3 fid bid
           7.4767003567533719e-01  -1.9565955056613376e+01  -6.7669871907943546e-02 #xyz ev0
           7.0250400227594190e-01  -1.9595088370561861e+01  -1.1282882123636973e-01 -1 1364 #xyz ev1 fid bid
   0   0.000000000000e+00   0.000000000000e+00   0.000000000000e+00 #flag location
END_ERR 
BEGIN_ERR 
26 Small mesh segment detected on body : substrate
 Small mesh segment detected on body : substrate 
 Segment Statistics - Number of Segments : 1 --- Segment length(s) : 0.075551mm. The cutoff frequency for S-Matrix Only Solve is 2.1413747MHz 
1 -1  # nfids, fids[]
1 1364  # nbids, bids[]
      6 0 1 0 #ntets ntri ned npts
          -7.7773540770165783e-01  -1.9710940271317678e+01  -1.0968436674472810e-01 #xyz tv0
          -8.2845152776431097e-01  -1.9578003362687106e+01  -1.0390293731865179e-01 #xyz tv1
          -7.5636173376919635e-01  -1.9593716294033932e+01  -1.2015549988161868e-01 #xyz tv2
          -6.9999999999999996e-01  -1.9673645472526552e+01   0.0000000000000000e+00 -1 1364 #xyz tv3 fid bid
