G3dErrFileVersion 2018P3.1
FlagFileMetaData Begin
   Mesh Size - Setup1, Refinement, Pass #1, Freq. 2.450000e+09 :Title    
   Listing of mesh elements with small segments. :ToolTip  
   hf3d :Author   
   1666685422 :TimeStamp
FlagFileMetaData End
BEGIN_ERR 
26 Small mesh segment detected on body : Antena_diel_6
 Small mesh segment detected on body : Antena_diel_6 
 Segment Statistics - Number of Segments : 1 --- Segment length(s) : 0.048773mm. The cutoff frequency for S-Matrix Only Solve is 1.199169832MHz 
2 -1  1194  # nfids, fids[]
2 1191  -1  # nbids, bids[]
      5 2 1 0 #ntets ntri ned npts
           3.5355339000000002e-01   1.5035355339000000e+02  -3.9406987003060735e+01 #xyz tv0
           6.1045969000000000e-01   1.5054281017750000e+02  -4.0000000000000000e+01 #xyz tv1
           5.8336309500000005e-01   1.5058336309500001e+02  -4.0000000000000000e+01 #xyz tv2
           3.5355339000000002e-01   1.5035355339000000e+02  -4.0000000000000000e+01 -1 1191 #xyz tv3 fid bid
           3.5355339000000002e-01   1.5035355339000000e+02  -3.9406987003060735e+01 #xyz tv0
           5.8336309500000005e-01   1.5058336309500001e+02  -4.0000000000000000e+01 #xyz tv1
           6.1045969000000000e-01   1.5054281017750000e+02  -4.0000000000000000e+01 #xyz tv2
           3.5355339000000002e-01   1.5035355339000000e+02  -3.8813974006121477e+01 -1 1191 #xyz tv3 fid bid
           6.1045969000000000e-01   1.5054281017750000e+02  -4.0000000000000000e+01 #xyz tv0
           1.2387223463185693e+00   1.5016802499331754e+02  -4.1639377247920535e+01 #xyz tv1
           5.8336309500000005e-01   1.5058336309500001e+02  -4.0000000000000000e+01 #xyz tv2
           3.5355339000000002e-01   1.5035355339000000e+02  -4.0000000000000000e+01 -1 1191 #xyz tv3 fid bid
           6.1045969000000000e-01   1.5054281017750000e+02  -4.0000000000000000e+01 #xyz tv0
           3.5355339000000002e-01   1.5035355339000000e+02  -3.8813974006121477e+01 #xyz tv1
           5.8336309500000005e-01   1.5058336309500001e+02  -4.0000000000000000e+01 #xyz tv2
           8.6736599000000014e-01   1.5073206696500000e+02  -4.0000000000000000e+01 -1 1191 #xyz tv3 fid bid
           6.1045969000000000e-01   1.5054281017750000e+02  -4.0000000000000000e+01 #xyz tv0
           5.8336309500000005e-01   1.5058336309500001e+02  -4.0000000000000000e+01 #xyz tv1
           1.2387223463185693e+00   1.5016802499331754e+02  -4.1639377247920535e+01 #xyz tv2
           8.6736599000000014e-01   1.5073206696500000e+02  -4.0000000000000000e+01 -1 1191 #xyz tv3 fid bid
           3.5355339000000002e-01   1.5035355339000000e+02  -4.0000000000000000e+01 #xyz tv0
           6.1045969000000000e-01   1.5054281017750000e+02  -4.0000000000000000e+01 #xyz tv1
           5.8336309500000005e-01   1.5058336309500001e+02  -4.0000000000000000e+01 1194 -1 #xyz tv2 fid bid
           6.1045969000000000e-01   1.5054281017750000e+02  -4.0000000000000000e+01 #xyz tv0
           8.6736599000000014e-01   1.5073206696500000e+02  -4.0000000000000000e+01 #xyz tv1
           5.8336309500000005e-01   1.5058336309500001e+02  -4.0000000000000000e+01 1194 -1 #xyz tv2 fid bid
           6.1045969000000000e-01   1.5054281017750000e+02  -4.0000000000000000e+01 #xyz ev0
           5.8336309500000005e-01   1.5058336309500001e+02  -4.0000000000000000e+01 -1 1191 #xyz ev1 fid bid
   0   0.000000000000e+00   0.000000000000e+00   0.000000000000e+00 #flag location
END_ERR 
BEGIN_ERR 
26 Small mesh segment detected on body : Antena_diel_6
 Small mesh segment detected on body : Antena_diel_6 
 Segment Statistics - Number of Segments : 1 --- Segment length(s) : 0.048773mm. The cutoff frequency for S-Matrix Only Solve is 1.199169832MHz 
2 -1  1194  # nfids, fids[]
2 1191  -1  # nbids, bids[]
      4 2 1 0 #ntets ntri ned npts
           6.1045969000000000e-01   1.4945718982250003e+02  -4.0000000000000000e+01 #xyz tv0
           7.8124999999999312e-01   1.4921875000000000e+02  -3.7968750000000021e+01 #xyz tv1
           5.8336309500000005e-01   1.4941663690500002e+02  -4.0000000000000000e+01 #xyz tv2
           3.5355339000000002e-01   1.4964644661000000e+02  -4.0000000000000000e+01 -1 1191 #xyz tv3 fid bid
           6.1045969000000000e-01   1.4945718982250003e+02  -4.0000000000000000e+01 #xyz tv0
           5.8336309500000005e-01   1.4941663690500002e+02  -4.0000000000000000e+01 #xyz tv1
           7.8124999999999312e-01   1.4921875000000000e+02  -3.7968750000000021e+01 #xyz tv2
           8.6736599000000014e-01   1.4926793303500006e+02  -4.0000000000000000e+01 -1 1191 #xyz tv3 fid bid
           6.1045969000000000e-01   1.4945718982250003e+02  -4.0000000000000000e+01 #xyz tv0
           5.8336309500000005e-01   1.4941663690500002e+02  -4.0000000000000000e+01 #xyz tv1
           1.2387223463185693e+00   1.5016802499331754e+02  -4.1639377247920535e+01 #xyz tv2
           3.5355339000000002e-01   1.4964644661000000e+02  -4.0000000000000000e+01 -1 1191 #xyz tv3 fid bid
           6.1045969000000000e-01   1.4945718982250003e+02  -4.0000000000000000e+01 #xyz tv0
           1.2387223463185693e+00   1.5016802499331754e+02  -4.1639377247920535e+01 #xyz tv1
           5.8336309500000005e-01   1.4941663690500002e+02  -4.0000000000000000e+01 #xyz tv2
           8.6736599000000014e-01   1.4926793303500006e+02  -4.0000000000000000e+01 -1 1191 #xyz tv3 fid bid
           8.6736599000000014e-01   1.4926793303500006e+02  -4.0000000000000000e+01 #xyz tv0
           6.1045969000000000e-01   1.4945718982250003e+02  -4.0000000000000000e+01 #xyz tv1
           5.8336309500000005e-01   1.4941663690500002e+02  -4.0000000000000000e+01 1194 -1 #xyz tv2 fid bid
           6.1045969000000000e-01   1.4945718982250003e+02  -4.0000000000000000e+01 #xyz tv0
           3.5355339000000002e-01   1.4964644661000000e+02  -4.0000000000000000e+01 #xyz tv1
           5.8336309500000005e-01   1.4941663690500002e+02  -4.0000000000000000e+01 1194 -1 #xyz tv2 fid bid
           6.1045969000000000e-01   1.4945718982250003e+02  -4.0000000000000000e+01 #xyz ev0
           5.8336309500000005e-01   1.4941663690500002e+02  -4.0000000000000000e+01 -1 1191 #xyz ev1 fid bid
   0   0.000000000000e+00   0.000000000000e+00   0.000000000000e+00 #flag location
END_ERR 
BEGIN_ERR 
26 Small mesh segment detected on body : Antena_diel
 Small mesh segment detected on body : Antena_diel 
 Segment Statistics - Number of Segments : 1 --- Segment length(s) : 0.073702mm. The cutoff frequency for S-Matrix Only Solve is 1.199169832MHz 
3 -1  1133  128  # nfids, fids[]
2 118  -1  # nbids, bids[]
      5 4 1 0 #ntets ntri ned npts
           1.8000000000000007e+00   0.0000000000000000e+00   0.0000000000000000e+00 #xyz tv0
           5.0000000000000000e-01   0.0000000000000000e+00  -7.3701599613659380e-02 #xyz tv1
           5.0000000000000000e-01   0.0000000000000000e+00   0.0000000000000000e+00 #xyz tv2
           4.6193977000000003e-01  -1.9134171999999999e-01   0.0000000000000000e+00 -1 118 #xyz tv3 fid bid
           1.8000000000000007e+00   0.0000000000000000e+00   0.0000000000000000e+00 #xyz tv0
           5.0000000000000000e-01   0.0000000000000000e+00  -7.3701599613659380e-02 #xyz tv1
           4.6193977000000003e-01   1.9134171999999999e-01   0.0000000000000000e+00 #xyz tv2
           5.0000000000000000e-01   0.0000000000000000e+00   0.0000000000000000e+00 -1 118 #xyz tv3 fid bid
           5.0000000000000000e-01   0.0000000000000000e+00  -7.3701599613659380e-02 #xyz tv0
           3.5355339000000002e-01  -3.5355339000000002e-01   0.0000000000000000e+00 #xyz tv1
           5.0000000000000000e-01   0.0000000000000000e+00   0.0000000000000000e+00 #xyz tv2
           4.6193977000000003e-01  -1.9134171999999999e-01   0.0000000000000000e+00 -1 118 #xyz tv3 fid bid
           5.0000000000000000e-01   0.0000000000000000e+00  -7.3701599613659380e-02 #xyz tv0
           3.5355339000000002e-01   3.5355339000000002e-01  -3.0549972073632670e-01 #xyz tv1
           4.6193977000000003e-01   1.9134171999999999e-01   0.0000000000000000e+00 #xyz tv2
           5.0000000000000000e-01   0.0000000000000000e+00   0.0000000000000000e+00 -1 118 #xyz tv3 fid bid
           5.0000000000000000e-01   0.0000000000000000e+00  -7.3701599613659380e-02 #xyz tv0
           5.0000000000000000e-01   0.0000000000000000e+00   0.0000000000000000e+00 #xyz tv1
           3.5355339000000002e-01  -3.5355339000000002e-01   0.0000000000000000e+00 #xyz tv2
           3.5355339000000002e-01   3.5355339000000002e-01  -3.0549972073632670e-01 -1 118 #xyz tv3 fid bid
           5.0000000000000000e-01   0.0000000000000000e+00   0.0000000000000000e+00 #xyz tv0
           5.0000000000000000e-01   0.0000000000000000e+00  -7.3701599613659380e-02 #xyz tv1
           4.6193977000000003e-01  -1.9134171999999999e-01   0.0000000000000000e+00 1133 -1 #xyz tv2 fid bid
           5.0000000000000000e-01   0.0000000000000000e+00   0.0000000000000000e+00 #xyz tv0
           5.0000000000000000e-01   0.0000000000000000e+00  -7.3701599613659380e-02 #xyz tv1
           4.6193977000000003e-01  -1.9134171999999999e-01   0.0000000000000000e+00 128 -1 #xyz tv2 fid bid
           4.6193977000000003e-01   1.9134171999999999e-01   0.0000000000000000e+00 #xyz tv0
           5.0000000000000000e-01   0.0000000000000000e+00  -7.3701599613659380e-02 #xyz tv1
           5.0000000000000000e-01   0.0000000000000000e+00   0.0000000000000000e+00 1133 -1 #xyz tv2 fid bid
           4.6193977000000003e-01   1.9134171999999999e-01   0.0000000000000000e+00 #xyz tv0
           5.0000000000000000e-01   0.0000000000000000e+00  -7.3701599613659380e-02 #xyz tv1
           5.0000000000000000e-01   0.0000000000000000e+00   0.0000000000000000e+00 128 -1 #xyz tv2 fid bid
           5.0000000000000000e-01   0.0000000000000000e+00   0.0000000000000000e+00 #xyz ev0
           5.0000000000000000e-01   0.0000000000000000e+00  -7.3701599613659380e-02 -1 118 #xyz ev1 fid bid
   0   0.000000000000e+00   0.000000000000e+00   0.000000000000e+00 #flag location
END_ERR 
G3dErrFileVersion 2018P3.1
FlagFileMetaData Begin
   Mesh Size - Setup1, Refinement, Pass #2, Freq. 2.450000e+09 :Title    
   Listing of mesh elements with small segments. :ToolTip  
   hf3d :Author   
   1666685427 :TimeStamp
FlagFileMetaData End
BEGIN_ERR 
26 Small mesh segment detected on body : Antena_diel
 Small mesh segment detected on body : Antena_diel 
 Segment Statistics - Number of Segments : 1 --- Segment length(s) : 0.073702mm. The cutoff frequency for S-Matrix Only Solve is 1.199169832MHz 
3 -1  1133  128  # nfids, fids[]
2 118  -1  # nbids, bids[]
      5 4 1 0 #ntets ntri ned npts
           1.1309698850000003e+00   9.5670859999999996e-02   0.0000000000000000e+00 #xyz tv0
           5.0000000000000000e-01   0.0000000000000000e+00   0.0000000000000000e+00 #xyz tv1
           5.0000000000000000e-01   0.0000000000000000e+00  -7.3701599613659380e-02 #xyz tv2
           4.6193977000000003e-01   1.9134171999999999e-01   0.0000000000000000e+00 -1 118 #xyz tv3 fid bid
           1.1309698850000003e+00   9.5670859999999996e-02   0.0000000000000000e+00 #xyz tv0
           4.6193977000000003e-01  -1.9134171999999999e-01   0.0000000000000000e+00 #xyz tv1
           5.0000000000000000e-01   0.0000000000000000e+00  -7.3701599613659380e-02 #xyz tv2
           5.0000000000000000e-01   0.0000000000000000e+00   0.0000000000000000e+00 -1 118 #xyz tv3 fid bid
           5.0000000000000000e-01   0.0000000000000000e+00  -7.3701599613659380e-02 #xyz tv0
           3.5355339000000002e-01   3.5355339000000002e-01  -3.0549972073632670e-01 #xyz tv1
           4.6193977000000003e-01   1.9134171999999999e-01   0.0000000000000000e+00 #xyz tv2
           5.0000000000000000e-01   0.0000000000000000e+00   0.0000000000000000e+00 -1 118 #xyz tv3 fid bid
           5.0000000000000000e-01   0.0000000000000000e+00  -7.3701599613659380e-02 #xyz tv0
           3.5355339000000002e-01  -3.5355339000000002e-01   0.0000000000000000e+00 #xyz tv1
           5.0000000000000000e-01   0.0000000000000000e+00   0.0000000000000000e+00 #xyz tv2
           4.6193977000000003e-01  -1.9134171999999999e-01   0.0000000000000000e+00 -1 118 #xyz tv3 fid bid
           5.0000000000000000e-01   0.0000000000000000e+00  -7.3701599613659380e-02 #xyz tv0
           5.0000000000000000e-01   0.0000000000000000e+00   0.0000000000000000e+00 #xyz tv1
           3.5355339000000002e-01  -3.5355339000000002e-01   0.0000000000000000e+00 #xyz tv2
           3.5355339000000002e-01   3.5355339000000002e-01  -3.0549972073632670e-01 -1 118 #xyz tv3 fid bid
           5.0000000000000000e-01   0.0000000000000000e+00   0.0000000000000000e+00 #xyz tv0
           5.0000000000000000e-01   0.0000000000000000e+00  -7.3701599613659380e-02 #xyz tv1
           4.6193977000000003e-01  -1.9134171999999999e-01   0.0000000000000000e+00 1133 -1 #xyz tv2 fid bid
           5.0000000000000000e-01   0.0000000000000000e+00   0.0000000000000000e+00 #xyz tv0
           5.0000000000000000e-01   0.0000000000000000e+00  -7.3701599613659380e-02 #xyz tv1
           4.6193977000000003e-01  -1.9134171999999999e-01   0.0000000000000000e+00 128 -1 #xyz tv2 fid bid
           4.6193977000000003e-01   1.9134171999999999e-01   0.0000000000000000e+00 #xyz tv0
           5.0000000000000000e-01   0.0000000000000000e+00  -7.3701599613659380e-02 #xyz tv1
           5.0000000000000000e-01   0.0000000000000000e+00   0.0000000000000000e+00 1133 -1 #xyz tv2 fid bid
           4.6193977000000003e-01   1.9134171999999999e-01   0.0000000000000000e+00 #xyz tv0
           5.0000000000000000e-01   0.0000000000000000e+00  -7.3701599613659380e-02 #xyz tv1
           5.0000000000000000e-01   0.0000000000000000e+00   0.0000000000000000e+00 128 -1 #xyz tv2 fid bid
           5.0000000000000000e-01   0.0000000000000000e+00   0.0000000000000000e+00 #xyz ev0
           5.0000000000000000e-01   0.0000000000000000e+00  -7.3701599613659380e-02 -1 118 #xyz ev1 fid bid
   0   0.000000000000e+00   0.000000000000e+00   0.000000000000e+00 #flag location
END_ERR 
BEGIN_ERR 
26 Small mesh segment detected on body : Antena_diel_6
 Small mesh segment detected on body : Antena_diel_6 
 Segment Statistics - Number of Segments : 1 --- Segment length(s) : 0.086622mm. The cutoff frequency for S-Matrix Only Solve is 1.199169832MHz 
2 -1  1194  # nfids, fids[]
2 1191  -1  # nbids, bids[]
      4 2 1 0 #ntets ntri ned npts
           9.3421567500000013e-01   1.5026787840499998e+02  -4.0000000000000000e+01 #xyz tv0
           9.1684149749999999e-01   1.5018301674125001e+02  -4.0000000000000000e+01 #xyz tv1
           7.9645482750000018e-01   1.5014350629000000e+02  -4.0000000000000000e+01 #xyz tv2
           1.0001273942231588e+00   1.5005007202437457e+02  -3.9439734244644200e+01 -1 1191 #xyz tv3 fid bid
           9.3421567500000013e-01   1.5026787840499998e+02  -4.0000000000000000e+01 #xyz tv0
           7.9645482750000018e-01   1.5014350629000000e+02  -4.0000000000000000e+01 #xyz tv1
           9.1684149749999999e-01   1.5018301674125001e+02  -4.0000000000000000e+01 #xyz tv2
           1.0991321704178518e+00   1.5009927920873508e+02  -4.1268126339705965e+01 -1 1191 #xyz tv3 fid bid
           1.0882596154629631e+00   1.5012803049233798e+02  -4.0000000000000000e+01 #xyz tv0
           9.1684149749999999e-01   1.5018301674125001e+02  -4.0000000000000000e+01 #xyz tv1
           9.3421567500000013e-01   1.5026787840499998e+02  -4.0000000000000000e+01 #xyz tv2
           1.0001273942231588e+00   1.5005007202437457e+02  -3.9439734244644200e+01 -1 1191 #xyz tv3 fid bid
           1.0882596154629631e+00   1.5012803049233798e+02  -4.0000000000000000e+01 #xyz tv0
           9.3421567500000013e-01   1.5026787840499998e+02  -4.0000000000000000e+01 #xyz tv1
           9.1684149749999999e-01   1.5018301674125001e+02  -4.0000000000000000e+01 #xyz tv2
           1.0991321704178518e+00   1.5009927920873508e+02  -4.1268126339705965e+01 -1 1191 #xyz tv3 fid bid
           1.0882596154629631e+00   1.5012803049233798e+02  -4.0000000000000000e+01 #xyz tv0
           9.3421567500000013e-01   1.5026787840499998e+02  -4.0000000000000000e+01 #xyz tv1
           9.1684149749999999e-01   1.5018301674125001e+02  -4.0000000000000000e+01 1194 -1 #xyz tv2 fid bid
           9.3421567500000013e-01   1.5026787840499998e+02  -4.0000000000000000e+01 #xyz tv0
           7.9645482750000018e-01   1.5014350629000000e+02  -4.0000000000000000e+01 #xyz tv1
           9.1684149749999999e-01   1.5018301674125001e+02  -4.0000000000000000e+01 1194 -1 #xyz tv2 fid bid
           9.3421567500000013e-01   1.5026787840499998e+02  -4.0000000000000000e+01 #xyz ev0
           9.1684149749999999e-01   1.5018301674125001e+02  -4.0000000000000000e+01 -1 1191 #xyz ev1 fid bid
   0   0.000000000000e+00   0.000000000000e+00   0.000000000000e+00 #flag location
END_ERR 
BEGIN_ERR 
26 Small mesh segment detected on body : Antena_diel_6
 Small mesh segment detected on body : Antena_diel_6 
 Segment Statistics - Number of Segments : 1 --- Segment length(s) : 0.097545mm. The cutoff frequency for S-Matrix Only Solve is 1.199169832MHz 
2 -1  1194  # nfids, fids[]
2 1191  -1  # nbids, bids[]
      4 2 1 0 #ntets ntri ned npts
           0.0000000000000000e+00   1.5082490997314454e+02  -4.0000000000000000e+01 #xyz tv0
           9.5670859999999996e-02   1.5080587985814452e+02  -4.0000000000000000e+01 #xyz tv1
           0.0000000000000000e+00   1.5050000000000000e+02  -3.9357625000000006e+01 #xyz tv2
           0.0000000000000000e+00   1.5114981994628909e+02  -4.0000000000000000e+01 -1 1191 #xyz tv3 fid bid
           0.0000000000000000e+00   1.5082490997314454e+02  -4.0000000000000000e+01 #xyz tv0
           0.0000000000000000e+00   1.5050000000000000e+02  -3.9357625000000006e+01 #xyz tv1
           9.5670859999999996e-02   1.5080587985814452e+02  -4.0000000000000000e+01 #xyz tv2
           0.0000000000000000e+00   1.5050000000000000e+02  -4.0000000000000000e+01 -1 1191 #xyz tv3 fid bid
           0.0000000000000000e+00   1.5082490997314454e+02  -4.0000000000000000e+01 #xyz tv0
           1.0991321704178518e+00   1.5009927920873508e+02  -4.1268126339705965e+01 #xyz tv1
           9.5670859999999996e-02   1.5080587985814452e+02  -4.0000000000000000e+01 #xyz tv2
           0.0000000000000000e+00   1.5114981994628909e+02  -4.0000000000000000e+01 -1 1191 #xyz tv3 fid bid
           0.0000000000000000e+00   1.5082490997314454e+02  -4.0000000000000000e+01 #xyz tv0
           9.5670859999999996e-02   1.5080587985814452e+02  -4.0000000000000000e+01 #xyz tv1
           1.0991321704178518e+00   1.5009927920873508e+02  -4.1268126339705965e+01 #xyz tv2
           0.0000000000000000e+00   1.5050000000000000e+02  -4.0000000000000000e+01 -1 1191 #xyz tv3 fid bid
           0.0000000000000000e+00   1.5114981994628909e+02  -4.0000000000000000e+01 #xyz tv0
           0.0000000000000000e+00   1.5082490997314454e+02  -4.0000000000000000e+01 #xyz tv1
           9.5670859999999996e-02   1.5080587985814452e+02  -4.0000000000000000e+01 1194 -1 #xyz tv2 fid bid
           0.0000000000000000e+00   1.5082490997314454e+02  -4.0000000000000000e+01 #xyz tv0
           0.0000000000000000e+00   1.5050000000000000e+02  -4.0000000000000000e+01 #xyz tv1
           9.5670859999999996e-02   1.5080587985814452e+02  -4.0000000000000000e+01 1194 -1 #xyz tv2 fid bid
           0.0000000000000000e+00   1.5082490997314454e+02  -4.0000000000000000e+01 #xyz ev0
           9.5670859999999996e-02   1.5080587985814452e+02  -4.0000000000000000e+01 -1 1191 #xyz ev1 fid bid
   0   0.000000000000e+00   0.000000000000e+00   0.000000000000e+00 #flag location
END_ERR 
BEGIN_ERR 
26 Small mesh segment detected on body : Antena_diel_6
 Small mesh segment detected on body : Antena_diel_6 
 Segment Statistics - Number of Segments : 1 --- Segment length(s) : 0.100252mm. The cutoff frequency for S-Matrix Only Solve is 1.199169832MHz 
2 -1  1194  # nfids, fids[]
2 1191  -1  # nbids, bids[]
      6 2 1 0 #ntets ntri ned npts
           5.8024621984275171e-01   1.5063148446213825e+02  -4.0000000000000000e+01 #xyz tv0
           6.1420829245059694e-01   1.5053715982774071e+02  -4.0000000000000000e+01 #xyz tv1
           1.1611767388548953e+00   1.5083519873772065e+02  -3.9411054687500013e+01 #xyz tv2
           8.5446579270979051e-01   1.5068958628044132e+02  -4.0000000000000000e+01 -1 1191 #xyz tv3 fid bid
           5.8024621984275171e-01   1.5063148446213825e+02  -4.0000000000000000e+01 #xyz tv0
           1.1611767388548953e+00   1.5083519873772065e+02  -3.9411054687500013e+01 #xyz tv1
           6.1420829245059694e-01   1.5053715982774071e+02  -4.0000000000000000e+01 #xyz tv2
           3.5355339000000002e-01   1.5035355339000000e+02  -3.8813974006121477e+01 -1 1191 #xyz tv3 fid bid
           6.1420829245059694e-01   1.5053715982774071e+02  -4.0000000000000000e+01 #xyz tv0
           5.8024621984275171e-01   1.5063148446213825e+02  -4.0000000000000000e+01 #xyz tv1
           1.0991321704178518e+00   1.5009927920873508e+02  -4.1268126339705965e+01 #xyz tv2
           8.5446579270979051e-01   1.5068958628044132e+02  -4.0000000000000000e+01 -1 1191 #xyz tv3 fid bid
           3.5355339000000002e-01   1.5035355339000000e+02  -3.9406987003060735e+01 #xyz tv0
           5.8024621984275171e-01   1.5063148446213825e+02  -4.0000000000000000e+01 #xyz tv1
           6.1420829245059694e-01   1.5053715982774071e+02  -4.0000000000000000e+01 #xyz tv2
           3.5355339000000002e-01   1.5035355339000000e+02  -3.8813974006121477e+01 -1 1191 #xyz tv3 fid bid
           6.1420829245059694e-01   1.5053715982774071e+02  -4.0000000000000000e+01 #xyz tv0
           1.0991321704178518e+00   1.5009927920873508e+02  -4.1268126339705965e+01 #xyz tv1
           5.8024621984275171e-01   1.5063148446213825e+02  -4.0000000000000000e+01 #xyz tv2
           3.5355339000000002e-01   1.5035355339000000e+02  -4.0000000000000000e+01 -1 1191 #xyz tv3 fid bid
           3.5355339000000002e-01   1.5035355339000000e+02  -3.9406987003060735e+01 #xyz tv0
           6.1420829245059694e-01   1.5053715982774071e+02  -4.0000000000000000e+01 #xyz tv1
           5.8024621984275171e-01   1.5063148446213825e+02  -4.0000000000000000e+01 #xyz tv2
           3.5355339000000002e-01   1.5035355339000000e+02  -4.0000000000000000e+01 -1 1191 #xyz tv3 fid bid
           3.5355339000000002e-01   1.5035355339000000e+02  -4.0000000000000000e+01 #xyz tv0
           6.1420829245059694e-01   1.5053715982774071e+02  -4.0000000000000000e+01 #xyz tv1
           5.8024621984275171e-01   1.5063148446213825e+02  -4.0000000000000000e+01 1194 -1 #xyz tv2 fid bid
           6.1420829245059694e-01   1.5053715982774071e+02  -4.0000000000000000e+01 #xyz tv0
           8.5446579270979051e-01   1.5068958628044132e+02  -4.0000000000000000e+01 #xyz tv1
           5.8024621984275171e-01   1.5063148446213825e+02  -4.0000000000000000e+01 1194 -1 #xyz tv2 fid bid
           6.1420829245059694e-01   1.5053715982774071e+02  -4.0000000000000000e+01 #xyz ev0
           5.8024621984275171e-01   1.5063148446213825e+02  -4.0000000000000000e+01 -1 1191 #xyz ev1 fid bid
   0   0.000000000000e+00   0.000000000000e+00   0.000000000000e+00 #flag location
END_ERR 
G3dErrFileVersion 2018P3.1
FlagFileMetaData Begin
   Mesh Size - Setup1, Refinement, Pass #3, Freq. 2.450000e+09 :Title    
   Listing of mesh elements with small segments. :ToolTip  
   hf3d :Author   
   1666685432 :TimeStamp
FlagFileMetaData End
BEGIN_ERR 
26 Small mesh segment detected on body : Antena_diel
 Small mesh segment detected on body : Antena_diel 
 Segment Statistics - Number of Segments : 1 --- Segment length(s) : 0.073702mm. The cutoff frequency for S-Matrix Only Solve is 1.199169832MHz 
3 -1  1133  128  # nfids, fids[]
2 118  -1  # nbids, bids[]
      6 4 1 0 #ntets ntri ned npts
           9.3151842500000015e-01  -3.8584756500000006e-01   0.0000000000000000e+00 #xyz tv0
           5.0000000000000000e-01   0.0000000000000000e+00  -7.3701599613659380e-02 #xyz tv1
           5.0000000000000000e-01   0.0000000000000000e+00   0.0000000000000000e+00 #xyz tv2
           4.6193977000000003e-01  -1.9134171999999999e-01   0.0000000000000000e+00 -1 118 #xyz tv3 fid bid
           9.3151842500000015e-01  -3.8584756500000006e-01   0.0000000000000000e+00 #xyz tv0
           5.0000000000000000e-01   0.0000000000000000e+00   0.0000000000000000e+00 #xyz tv1
           5.0000000000000000e-01   0.0000000000000000e+00  -7.3701599613659380e-02 #xyz tv2
           1.1216414358377427e+00   9.4447312830687830e-02   0.0000000000000000e+00 -1 118 #xyz tv3 fid bid
           5.0000000000000000e-01   0.0000000000000000e+00  -7.3701599613659380e-02 #xyz tv0
           3.5355339000000002e-01  -3.5355339000000002e-01   0.0000000000000000e+00 #xyz tv1
           5.0000000000000000e-01   0.0000000000000000e+00   0.0000000000000000e+00 #xyz tv2
           4.6193977000000003e-01  -1.9134171999999999e-01   0.0000000000000000e+00 -1 118 #xyz tv3 fid bid
           1.1216414358377427e+00   9.4447312830687830e-02   0.0000000000000000e+00 #xyz tv0
           5.0000000000000000e-01   0.0000000000000000e+00   0.0000000000000000e+00 #xyz tv1
           5.0000000000000000e-01   0.0000000000000000e+00  -7.3701599613659380e-02 #xyz tv2
           4.6193977000000003e-01   1.9134171999999999e-01   0.0000000000000000e+00 -1 118 #xyz tv3 fid bid
           5.0000000000000000e-01   0.0000000000000000e+00  -7.3701599613659380e-02 #xyz tv0
           5.0000000000000000e-01   0.0000000000000000e+00   0.0000000000000000e+00 #xyz tv1
           3.5355339000000002e-01  -3.5355339000000002e-01   0.0000000000000000e+00 #xyz tv2
           3.5355339000000002e-01   3.5355339000000002e-01  -3.0549972073632670e-01 -1 118 #xyz tv3 fid bid
           5.0000000000000000e-01   0.0000000000000000e+00  -7.3701599613659380e-02 #xyz tv0
           3.5355339000000002e-01   3.5355339000000002e-01  -3.0549972073632670e-01 #xyz tv1
           4.6193977000000003e-01   1.9134171999999999e-01   0.0000000000000000e+00 #xyz tv2
           5.0000000000000000e-01   0.0000000000000000e+00   0.0000000000000000e+00 -1 118 #xyz tv3 fid bid
           5.0000000000000000e-01   0.0000000000000000e+00   0.0000000000000000e+00 #xyz tv0
           5.0000000000000000e-01   0.0000000000000000e+00  -7.3701599613659380e-02 #xyz tv1
           4.6193977000000003e-01  -1.9134171999999999e-01   0.0000000000000000e+00 1133 -1 #xyz tv2 fid bid
           5.0000000000000000e-01   0.0000000000000000e+00   0.0000000000000000e+00 #xyz tv0
           5.0000000000000000e-01   0.0000000000000000e+00  -7.3701599613659380e-02 #xyz tv1
           4.6193977000000003e-01  -1.9134171999999999e-01   0.0000000000000000e+00 128 -1 #xyz tv2 fid bid
           4.6193977000000003e-01   1.9134171999999999e-01   0.0000000000000000e+00 #xyz tv0
           5.0000000000000000e-01   0.0000000000000000e+00  -7.3701599613659380e-02 #xyz tv1
           5.0000000000000000e-01   0.0000000000000000e+00   0.0000000000000000e+00 1133 -1 #xyz tv2 fid bid
           4.6193977000000003e-01   1.9134171999999999e-01   0.0000000000000000e+00 #xyz tv0
           5.0000000000000000e-01   0.0000000000000000e+00  -7.3701599613659380e-02 #xyz tv1
           5.0000000000000000e-01   0.0000000000000000e+00   0.0000000000000000e+00 128 -1 #xyz tv2 fid bid
           5.0000000000000000e-01   0.0000000000000000e+00   0.0000000000000000e+00 #xyz ev0
           5.0000000000000000e-01   0.0000000000000000e+00  -7.3701599613659380e-02 -1 118 #xyz ev1 fid bid
   0   0.000000000000e+00   0.000000000000e+00   0.000000000000e+00 #flag location
END_ERR 
BEGIN_ERR 
26 Small mesh segment detected on body : Antena_diel_6
 Small mesh segment detected on body : Antena_diel_6 
 Segment Statistics - Number of Segments : 1 --- Segment length(s) : 0.086622mm. The cutoff frequency for S-Matrix Only Solve is 1.199169832MHz 
2 -1  1194  # nfids, fids[]
2 1191  -1  # nbids, bids[]
      4 2 1 0 #ntets ntri ned npts
           9.3421567500000013e-01   1.5026787840499998e+02  -4.0000000000000000e+01 #xyz tv0
           9.1684149749999999e-01   1.5018301674125001e+02  -4.0000000000000000e+01 #xyz tv1
           7.9645482750000018e-01   1.5014350629000000e+02  -4.0000000000000000e+01 #xyz tv2
           1.0001273942231588e+00   1.5005007202437457e+02  -3.9439734244644200e+01 -1 1191 #xyz tv3 fid bid
           9.3421567500000013e-01   1.5026787840499998e+02  -4.0000000000000000e+01 #xyz tv0
           7.9645482750000018e-01   1.5014350629000000e+02  -4.0000000000000000e+01 #xyz tv1
           9.1684149749999999e-01   1.5018301674125001e+02  -4.0000000000000000e+01 #xyz tv2
           1.0991321704178518e+00   1.5009927920873508e+02  -4.1268126339705965e+01 -1 1191 #xyz tv3 fid bid
           1.0882596154629631e+00   1.5012803049233801e+02  -4.0000000000000000e+01 #xyz tv0
           9.1684149749999999e-01   1.5018301674125001e+02  -4.0000000000000000e+01 #xyz tv1
           9.3421567500000013e-01   1.5026787840499998e+02  -4.0000000000000000e+01 #xyz tv2
           1.0001273942231588e+00   1.5005007202437457e+02  -3.9439734244644200e+01 -1 1191 #xyz tv3 fid bid
           1.0882596154629631e+00   1.5012803049233801e+02  -4.0000000000000000e+01 #xyz tv0
           9.3421567500000013e-01   1.5026787840499998e+02  -4.0000000000000000e+01 #xyz tv1
           9.1684149749999999e-01   1.5018301674125001e+02  -4.0000000000000000e+01 #xyz tv2
           1.0991321704178518e+00   1.5009927920873508e+02  -4.1268126339705965e+01 -1 1191 #xyz tv3 fid bid
           1.0882596154629631e+00   1.5012803049233801e+02  -4.0000000000000000e+01 #xyz tv0
           9.3421567500000013e-01   1.5026787840499998e+02  -4.0000000000000000e+01 #xyz tv1
           9.1684149749999999e-01   1.5018301674125001e+02  -4.0000000000000000e+01 1194 -1 #xyz tv2 fid bid
           9.3421567500000013e-01   1.5026787840499998e+02  -4.0000000000000000e+01 #xyz tv0
           7.9645482750000018e-01   1.5014350629000000e+02  -4.0000000000000000e+01 #xyz tv1
           9.1684149749999999e-01   1.5018301674125001e+02  -4.0000000000000000e+01 1194 -1 #xyz tv2 fid bid
           9.3421567500000013e-01   1.5026787840499998e+02  -4.0000000000000000e+01 #xyz ev0
           9.1684149749999999e-01   1.5018301674125001e+02  -4.0000000000000000e+01 -1 1191 #xyz ev1 fid bid
   0   0.000000000000e+00   0.000000000000e+00   0.000000000000e+00 #flag location
END_ERR 
BEGIN_ERR 
26 Small mesh segment detected on body : AIR
 Small mesh segment detected on body : AIR 
 Segment Statistics - Number of Segments : 1 --- Segment length(s) : 0.100442mm. The cutoff frequency for S-Matrix Only Solve is 1.199169832MHz 
3 -1  1230  1182  # nfids, fids[]
2 935  -1  # nbids, bids[]
      5 4 1 0 #ntets ntri ned npts
           6.8106743598765440e-01   1.5080745708012344e+02   0.0000000000000000e+00 #xyz tv0
           1.9134171999999999e-01   1.5046193976999999e+02   1.0044159260384911e-01 #xyz tv1
           3.5355339000000002e-01   1.5035355339000000e+02   0.0000000000000000e+00 #xyz tv2
           1.9134171999999999e-01   1.5046193976999999e+02   0.0000000000000000e+00 -1 935 #xyz tv3 fid bid
           1.9134171999999999e-01   1.5046193976999999e+02   1.0044159260384911e-01 #xyz tv0
           3.5355339000000002e-01   1.4964644661000000e+02   0.0000000000000000e+00 #xyz tv1
           3.5355339000000002e-01   1.5035355339000000e+02   0.0000000000000000e+00 #xyz tv2
           1.9134171999999999e-01   1.5046193976999999e+02   0.0000000000000000e+00 -1 935 #xyz tv3 fid bid
           1.9134171999999999e-01   1.5046193976999999e+02   1.0044159260384911e-01 #xyz tv0
           6.8106743598765440e-01   1.5080745708012344e+02   0.0000000000000000e+00 #xyz tv1
           0.0000000000000000e+00   1.5050000000000000e+02   0.0000000000000000e+00 #xyz tv2
           1.9134171999999999e-01   1.5046193976999999e+02   0.0000000000000000e+00 -1 935 #xyz tv3 fid bid
           1.9134171999999999e-01   1.4953806023000001e+02   0.0000000000000000e+00 #xyz tv0
           1.9134171999999999e-01   1.5046193976999999e+02   1.0044159260384911e-01 #xyz tv1
           1.9134171999999999e-01   1.5046193976999999e+02   0.0000000000000000e+00 #xyz tv2
           3.5355339000000002e-01   1.4964644661000000e+02   0.0000000000000000e+00 -1 935 #xyz tv3 fid bid
           1.9134171999999999e-01   1.4953806023000001e+02   0.0000000000000000e+00 #xyz tv0
           1.9134171999999999e-01   1.5046193976999999e+02   0.0000000000000000e+00 #xyz tv1
           1.9134171999999999e-01   1.5046193976999999e+02   1.0044159260384911e-01 #xyz tv2
           0.0000000000000000e+00   1.5050000000000000e+02   0.0000000000000000e+00 -1 935 #xyz tv3 fid bid
           1.9134171999999999e-01   1.5046193976999999e+02   1.0044159260384911e-01 #xyz tv0
           0.0000000000000000e+00   1.5050000000000000e+02   0.0000000000000000e+00 #xyz tv1
           1.9134171999999999e-01   1.5046193976999999e+02   0.0000000000000000e+00 1230 -1 #xyz tv2 fid bid
           1.9134171999999999e-01   1.5046193976999999e+02   1.0044159260384911e-01 #xyz tv0
           0.0000000000000000e+00   1.5050000000000000e+02   0.0000000000000000e+00 #xyz tv1
           1.9134171999999999e-01   1.5046193976999999e+02   0.0000000000000000e+00 1182 -1 #xyz tv2 fid bid
           3.5355339000000002e-01   1.5035355339000000e+02   0.0000000000000000e+00 #xyz tv0
           1.9134171999999999e-01   1.5046193976999999e+02   1.0044159260384911e-01 #xyz tv1
           1.9134171999999999e-01   1.5046193976999999e+02   0.0000000000000000e+00 1230 -1 #xyz tv2 fid bid
           3.5355339000000002e-01   1.5035355339000000e+02   0.0000000000000000e+00 #xyz tv0
           1.9134171999999999e-01   1.5046193976999999e+02   1.0044159260384911e-01 #xyz tv1
           1.9134171999999999e-01   1.5046193976999999e+02   0.0000000000000000e+00 1182 -1 #xyz tv2 fid bid
           1.9134171999999999e-01   1.5046193976999999e+02   0.0000000000000000e+00 #xyz ev0
           1.9134171999999999e-01   1.5046193976999999e+02   1.0044159260384911e-01 -1 935 #xyz ev1 fid bid
   0   0.000000000000e+00   0.000000000000e+00   0.000000000000e+00 #flag location
END_ERR 
BEGIN_ERR 
26 Small mesh segment detected on body : Antena_diel
 Small mesh segment detected on body : Antena_diel 
 Segment Statistics - Number of Segments : 1 --- Segment length(s) : 0.108272mm. The cutoff frequency for S-Matrix Only Solve is 1.199169832MHz 
2 -1  120  # nfids, fids[]
2 118  -1  # nbids, bids[]
      4 2 1 0 #ntets ntri ned npts
           2.6516504250000011e-01   5.4114160500000019e-01  -4.0000000000000000e+01 #xyz tv0
           1.9134171999999999e-01   4.6193977000000003e-01  -4.0000000000000000e+01 #xyz tv1
           1.9134171999999999e-01   4.6193977000000003e-01  -3.9216084954134047e+01 #xyz tv2
           3.5355339000000002e-01   3.5355339000000002e-01  -4.0000000000000000e+01 -1 118 #xyz tv3 fid bid
           2.6516504250000011e-01   5.4114160500000019e-01  -4.0000000000000000e+01 #xyz tv0
           1.9134171999999999e-01   4.6193977000000003e-01  -3.9216084954134047e+01 #xyz tv1
           1.9134171999999999e-01   4.6193977000000003e-01  -4.0000000000000000e+01 #xyz tv2
           1.9223079208333338e-01   7.0251934486111134e-01  -4.0000000000000000e+01 -1 118 #xyz tv3 fid bid
           2.6516504250000011e-01   5.4114160500000019e-01  -4.0000000000000000e+01 #xyz tv0
          -1.2592680030208376e+00   1.1460112758019192e+00  -4.1390941938450759e+01 #xyz tv1
           1.9134171999999999e-01   4.6193977000000003e-01  -4.0000000000000000e+01 #xyz tv2
           3.5355339000000002e-01   3.5355339000000002e-01  -4.0000000000000000e+01 -1 118 #xyz tv3 fid bid
           2.6516504250000011e-01   5.4114160500000019e-01  -4.0000000000000000e+01 #xyz tv0
           1.9134171999999999e-01   4.6193977000000003e-01  -4.0000000000000000e+01 #xyz tv1
          -1.2592680030208376e+00   1.1460112758019192e+00  -4.1390941938450759e+01 #xyz tv2
           1.9223079208333338e-01   7.0251934486111134e-01  -4.0000000000000000e+01 -1 118 #xyz tv3 fid bid
           3.5355339000000002e-01   3.5355339000000002e-01  -4.0000000000000000e+01 #xyz tv0
           2.6516504250000011e-01   5.4114160500000019e-01  -4.0000000000000000e+01 #xyz tv1
           1.9134171999999999e-01   4.6193977000000003e-01  -4.0000000000000000e+01 120 -1 #xyz tv2 fid bid
           2.6516504250000011e-01   5.4114160500000019e-01  -4.0000000000000000e+01 #xyz tv0
           1.9223079208333338e-01   7.0251934486111134e-01  -4.0000000000000000e+01 #xyz tv1
           1.9134171999999999e-01   4.6193977000000003e-01  -4.0000000000000000e+01 120 -1 #xyz tv2 fid bid
           2.6516504250000011e-01   5.4114160500000019e-01  -4.0000000000000000e+01 #xyz ev0
           1.9134171999999999e-01   4.6193977000000003e-01  -4.0000000000000000e+01 -1 118 #xyz ev1 fid bid
   0   0.000000000000e+00   0.000000000000e+00   0.000000000000e+00 #flag location
END_ERR 
BEGIN_ERR 
26 Small mesh segment detected on body : Antena_diel_6
 Small mesh segment detected on body : Antena_diel_6 
 Segment Statistics - Number of Segments : 1 --- Segment length(s) : 0.111542mm. The cutoff frequency for S-Matrix Only Solve is 1.199169832MHz 
2 -1  1194  # nfids, fids[]
2 1191  -1  # nbids, bids[]
      4 2 1 0 #ntets ntri ned npts
           6.2025802113107820e-01   1.4945871808225854e+02  -4.0000000000000000e+01 #xyz tv0
           6.7672356180261151e-01   1.4955491191304498e+02  -4.0000000000000000e+01 #xyz tv1
           7.8065553834501733e-01   1.4921327895227500e+02  -3.8714567231499586e+01 #xyz tv2
           3.5355339000000002e-01   1.4964644661000000e+02  -4.0000000000000000e+01 -1 1191 #xyz tv3 fid bid
           6.2025802113107820e-01   1.4945871808225854e+02  -4.0000000000000000e+01 #xyz tv0
           7.8065553834501733e-01   1.4921327895227500e+02  -3.8714567231499586e+01 #xyz tv1
           6.7672356180261151e-01   1.4955491191304498e+02  -4.0000000000000000e+01 #xyz tv2
           8.8587845293459333e-01   1.4928512931849562e+02  -4.0000000000000000e+01 -1 1191 #xyz tv3 fid bid
           6.2025802113107820e-01   1.4945871808225854e+02  -4.0000000000000000e+01 #xyz tv0
           1.0991321704178518e+00   1.5009927920873508e+02  -4.1268126339705965e+01 #xyz tv1
           6.7672356180261151e-01   1.4955491191304498e+02  -4.0000000000000000e+01 #xyz tv2
           3.5355339000000002e-01   1.4964644661000000e+02  -4.0000000000000000e+01 -1 1191 #xyz tv3 fid bid
           6.2025802113107820e-01   1.4945871808225854e+02  -4.0000000000000000e+01 #xyz tv0
           6.7672356180261151e-01   1.4955491191304498e+02  -4.0000000000000000e+01 #xyz tv1
           1.0991321704178518e+00   1.5009927920873508e+02  -4.1268126339705965e+01 #xyz tv2
           8.8587845293459333e-01   1.4928512931849562e+02  -4.0000000000000000e+01 -1 1191 #xyz tv3 fid bid
           3.5355339000000002e-01   1.4964644661000000e+02  -4.0000000000000000e+01 #xyz tv0
           6.2025802113107820e-01   1.4945871808225854e+02  -4.0000000000000000e+01 #xyz tv1
           6.7672356180261151e-01   1.4955491191304498e+02  -4.0000000000000000e+01 1194 -1 #xyz tv2 fid bid
           6.2025802113107820e-01   1.4945871808225854e+02  -4.0000000000000000e+01 #xyz tv0
           8.8587845293459333e-01   1.4928512931849562e+02  -4.0000000000000000e+01 #xyz tv1
           6.7672356180261151e-01   1.4955491191304498e+02  -4.0000000000000000e+01 1194 -1 #xyz tv2 fid bid
           6.2025802113107820e-01   1.4945871808225854e+02  -4.0000000000000000e+01 #xyz ev0
           6.7672356180261151e-01   1.4955491191304498e+02  -4.0000000000000000e+01 -1 1191 #xyz ev1 fid bid
   0   0.000000000000e+00   0.000000000000e+00   0.000000000000e+00 #flag location
END_ERR 
G3dErrFileVersion 2018P3.1
FlagFileMetaData Begin
   Mesh Size - Setup1, Refinement, Pass #1, Freq. 2.450000e+09 :Title    
   Listing of mesh elements with small segments. :ToolTip  
   hf3d :Author   
   1668739701 :TimeStamp
FlagFileMetaData End
BEGIN_ERR 
26 Small mesh segment detected on body : Antena_diel_6
