G3dErrFileVersion 2018P3.1
FlagFileMetaData Begin
   Mesh Size - Setup1, Refinement, Pass #1, Freq. 2.450000e+09 :Title    
   Listing of mesh elements with small segments. :ToolTip  
   hf3d :Author   
   1668860898 :TimeStamp
FlagFileMetaData End
BEGIN_ERR 
26 Small mesh segment detected on body : port_boundary
 Small mesh segment detected on body : port_boundary 
 Segment Statistics - Number of Segments : 1 --- Segment length(s) : 0.244375mm. The cutoff frequency for S-Matrix Only Solve is 1.49896229MHz 
5 -1  11  155  304  278  # nfids, fids[]
2 301  -1  # nbids, bids[]
      5 8 1 0 #ntets ntri ned npts
          -1.7106250000000001e+00   5.0000000000000000e+01  -6.3500000000000001e-01 #xyz tv0
          -5.8650000000000002e+00   5.2000000000000021e+01  -1.2700000000000005e+00 #xyz tv1
          -1.9550000000000001e+00   5.0000000000000000e+01  -6.3500000000000001e-01 #xyz tv2
          -1.4662500000000001e+00   5.0000000000000000e+01  -1.2700000000000000e+00 -1 301 #xyz tv3 fid bid
          -1.7106250000000001e+00   5.0000000000000000e+01  -6.3500000000000001e-01 #xyz tv0
          -1.9550000000000001e+00   5.0000000000000000e+01  -6.3500000000000001e-01 #xyz tv1
          -5.8650000000000002e+00   5.2000000000000021e+01  -1.2700000000000005e+00 #xyz tv2
          -1.9550000000000001e+00   5.0000000000000000e+01   0.0000000000000000e+00 -1 301 #xyz tv3 fid bid
          -1.7106250000000001e+00   5.0000000000000000e+01  -6.3500000000000001e-01 #xyz tv0
          -1.9550000000000001e+00   5.0000000000000000e+01  -6.3500000000000001e-01 #xyz tv1
          -1.9550000000000001e+00   4.8124708144014704e+01   0.0000000000000000e+00 #xyz tv2
          -1.4662500000000001e+00   5.0000000000000000e+01  -1.2700000000000000e+00 -1 301 #xyz tv3 fid bid
          -1.9550000000000001e+00   4.9062354072007352e+01   0.0000000000000000e+00 #xyz tv0
          -1.9550000000000001e+00   5.0000000000000000e+01  -6.3500000000000001e-01 #xyz tv1
          -1.7106250000000001e+00   5.0000000000000000e+01  -6.3500000000000001e-01 #xyz tv2
          -1.9550000000000001e+00   5.0000000000000000e+01   0.0000000000000000e+00 -1 301 #xyz tv3 fid bid
          -1.9550000000000001e+00   4.9062354072007352e+01   0.0000000000000000e+00 #xyz tv0
          -1.7106250000000001e+00   5.0000000000000000e+01  -6.3500000000000001e-01 #xyz tv1
          -1.9550000000000001e+00   5.0000000000000000e+01  -6.3500000000000001e-01 #xyz tv2
          -1.9550000000000001e+00   4.8124708144014704e+01   0.0000000000000000e+00 -1 301 #xyz tv3 fid bid
          -1.9550000000000001e+00   5.0000000000000000e+01   0.0000000000000000e+00 #xyz tv0
          -1.7106250000000001e+00   5.0000000000000000e+01  -6.3500000000000001e-01 #xyz tv1
          -1.9550000000000001e+00   5.0000000000000000e+01  -6.3500000000000001e-01 11 -1 #xyz tv2 fid bid
          -1.9550000000000001e+00   5.0000000000000000e+01   0.0000000000000000e+00 #xyz tv0
          -1.7106250000000001e+00   5.0000000000000000e+01  -6.3500000000000001e-01 #xyz tv1
          -1.9550000000000001e+00   5.0000000000000000e+01  -6.3500000000000001e-01 155 -1 #xyz tv2 fid bid
          -1.9550000000000001e+00   5.0000000000000000e+01   0.0000000000000000e+00 #xyz tv0
          -1.7106250000000001e+00   5.0000000000000000e+01  -6.3500000000000001e-01 #xyz tv1
          -1.9550000000000001e+00   5.0000000000000000e+01  -6.3500000000000001e-01 304 -1 #xyz tv2 fid bid
          -1.9550000000000001e+00   5.0000000000000000e+01   0.0000000000000000e+00 #xyz tv0
          -1.7106250000000001e+00   5.0000000000000000e+01  -6.3500000000000001e-01 #xyz tv1
          -1.9550000000000001e+00   5.0000000000000000e+01  -6.3500000000000001e-01 278 -1 #xyz tv2 fid bid
          -1.7106250000000001e+00   5.0000000000000000e+01  -6.3500000000000001e-01 #xyz tv0
          -1.4662500000000001e+00   5.0000000000000000e+01  -1.2700000000000000e+00 #xyz tv1
          -1.9550000000000001e+00   5.0000000000000000e+01  -6.3500000000000001e-01 11 -1 #xyz tv2 fid bid
          -1.7106250000000001e+00   5.0000000000000000e+01  -6.3500000000000001e-01 #xyz tv0
          -1.4662500000000001e+00   5.0000000000000000e+01  -1.2700000000000000e+00 #xyz tv1
          -1.9550000000000001e+00   5.0000000000000000e+01  -6.3500000000000001e-01 155 -1 #xyz tv2 fid bid
          -1.7106250000000001e+00   5.0000000000000000e+01  -6.3500000000000001e-01 #xyz tv0
          -1.4662500000000001e+00   5.0000000000000000e+01  -1.2700000000000000e+00 #xyz tv1
          -1.9550000000000001e+00   5.0000000000000000e+01  -6.3500000000000001e-01 304 -1 #xyz tv2 fid bid
          -1.7106250000000001e+00   5.0000000000000000e+01  -6.3500000000000001e-01 #xyz tv0
          -1.4662500000000001e+00   5.0000000000000000e+01  -1.2700000000000000e+00 #xyz tv1
          -1.9550000000000001e+00   5.0000000000000000e+01  -6.3500000000000001e-01 278 -1 #xyz tv2 fid bid
          -1.7106250000000001e+00   5.0000000000000000e+01  -6.3500000000000001e-01 #xyz ev0
          -1.9550000000000001e+00   5.0000000000000000e+01  -6.3500000000000001e-01 -1 301 #xyz ev1 fid bid
   0   0.000000000000e+00   0.000000000000e+00   0.000000000000e+00 #flag location
END_ERR 
BEGIN_ERR 
26 Small mesh segment detected on body : port_boundary
 Small mesh segment detected on body : port_boundary 
 Segment Statistics - Number of Segments : 1 --- Segment length(s) : 0.488750mm. The cutoff frequency for S-Matrix Only Solve is 1.49896229MHz 
5 -1  11  155  304  278  # nfids, fids[]
2 301  -1  # nbids, bids[]
      4 8 1 0 #ntets ntri ned npts
           2.4437500000000001e+00   5.0000000000000000e+01  -6.3500000000000056e-01 #xyz tv0
           0.0000000000000000e+00   5.2000000000000021e+01  -1.2700000000000005e+00 #xyz tv1
           1.9550000000000001e+00   5.0000000000000000e+01  -6.3500000000000001e-01 #xyz tv2
           2.9325000000000001e+00   5.0000000000000000e+01  -1.2700000000000011e+00 -1 301 #xyz tv3 fid bid
           2.4437500000000001e+00   5.0000000000000000e+01  -6.3500000000000056e-01 #xyz tv0
           1.9550000000000001e+00   5.0000000000000000e+01  -6.3500000000000001e-01 #xyz tv1
           0.0000000000000000e+00   5.2000000000000021e+01  -1.2700000000000005e+00 #xyz tv2
           1.9550000000000001e+00   5.0000000000000000e+01   0.0000000000000000e+00 -1 301 #xyz tv3 fid bid
           2.4437500000000001e+00   5.0000000000000000e+01  -6.3500000000000056e-01 #xyz tv0
           1.9550000000000001e+00   5.0000000000000000e+01  -6.3500000000000001e-01 #xyz tv1
           1.9550000000000001e+00   4.8124769730925571e+01   0.0000000000000000e+00 #xyz tv2
           2.9325000000000001e+00   5.0000000000000000e+01  -1.2700000000000011e+00 -1 301 #xyz tv3 fid bid
           2.4437500000000001e+00   5.0000000000000000e+01  -6.3500000000000056e-01 #xyz tv0
           1.9550000000000001e+00   4.8124769730925571e+01   0.0000000000000000e+00 #xyz tv1
           1.9550000000000001e+00   5.0000000000000000e+01  -6.3500000000000001e-01 #xyz tv2
           1.9550000000000001e+00   5.0000000000000000e+01   0.0000000000000000e+00 -1 301 #xyz tv3 fid bid
           1.9550000000000001e+00   5.0000000000000000e+01   0.0000000000000000e+00 #xyz tv0
           2.4437500000000001e+00   5.0000000000000000e+01  -6.3500000000000056e-01 #xyz tv1
           1.9550000000000001e+00   5.0000000000000000e+01  -6.3500000000000001e-01 11 -1 #xyz tv2 fid bid
           1.9550000000000001e+00   5.0000000000000000e+01   0.0000000000000000e+00 #xyz tv0
           2.4437500000000001e+00   5.0000000000000000e+01  -6.3500000000000056e-01 #xyz tv1
           1.9550000000000001e+00   5.0000000000000000e+01  -6.3500000000000001e-01 155 -1 #xyz tv2 fid bid
           1.9550000000000001e+00   5.0000000000000000e+01   0.0000000000000000e+00 #xyz tv0
           2.4437500000000001e+00   5.0000000000000000e+01  -6.3500000000000056e-01 #xyz tv1
           1.9550000000000001e+00   5.0000000000000000e+01  -6.3500000000000001e-01 304 -1 #xyz tv2 fid bid
           1.9550000000000001e+00   5.0000000000000000e+01   0.0000000000000000e+00 #xyz tv0
           2.4437500000000001e+00   5.0000000000000000e+01  -6.3500000000000056e-01 #xyz tv1
           1.9550000000000001e+00   5.0000000000000000e+01  -6.3500000000000001e-01 278 -1 #xyz tv2 fid bid
           2.4437500000000001e+00   5.0000000000000000e+01  -6.3500000000000056e-01 #xyz tv0
           2.9325000000000001e+00   5.0000000000000000e+01  -1.2700000000000011e+00 #xyz tv1
           1.9550000000000001e+00   5.0000000000000000e+01  -6.3500000000000001e-01 11 -1 #xyz tv2 fid bid
           2.4437500000000001e+00   5.0000000000000000e+01  -6.3500000000000056e-01 #xyz tv0
           2.9325000000000001e+00   5.0000000000000000e+01  -1.2700000000000011e+00 #xyz tv1
           1.9550000000000001e+00   5.0000000000000000e+01  -6.3500000000000001e-01 155 -1 #xyz tv2 fid bid
           2.4437500000000001e+00   5.0000000000000000e+01  -6.3500000000000056e-01 #xyz tv0
           2.9325000000000001e+00   5.0000000000000000e+01  -1.2700000000000011e+00 #xyz tv1
           1.9550000000000001e+00   5.0000000000000000e+01  -6.3500000000000001e-01 304 -1 #xyz tv2 fid bid
           2.4437500000000001e+00   5.0000000000000000e+01  -6.3500000000000056e-01 #xyz tv0
           2.9325000000000001e+00   5.0000000000000000e+01  -1.2700000000000011e+00 #xyz tv1
           1.9550000000000001e+00   5.0000000000000000e+01  -6.3500000000000001e-01 278 -1 #xyz tv2 fid bid
           2.4437500000000001e+00   5.0000000000000000e+01  -6.3500000000000056e-01 #xyz ev0
           1.9550000000000001e+00   5.0000000000000000e+01  -6.3500000000000001e-01 -1 301 #xyz ev1 fid bid
   0   0.000000000000e+00   0.000000000000e+00   0.000000000000e+00 #flag location
END_ERR 
BEGIN_ERR 
26 Small mesh segment detected on body : port_boundary
 Small mesh segment detected on body : port_boundary 
 Segment Statistics - Number of Segments : 1 --- Segment length(s) : 0.488780mm. The cutoff frequency for S-Matrix Only Solve is 1.49896229MHz 
3 -1  155  304  # nfids, fids[]
2 301  -1  # nbids, bids[]
      4 4 1 0 #ntets ntri ned npts
           0.0000000000000000e+00   5.2000000000000021e+01  -1.2700000000000005e+00 #xyz tv0
           2.1993451690673824e+00   5.0000000000000000e+01   1.4287500000000000e+00 #xyz tv1
           1.3593247509002699e+00   5.0000000000000000e+01   7.1437499999999998e-01 #xyz tv2
           1.7105653381347661e+00   5.0000000000000000e+01   1.4287500000000000e+00 -1 301 #xyz tv3 fid bid
           1.3593247509002699e+00   5.0000000000000000e+01   7.1437499999999998e-01 #xyz tv0
           2.1993451690673824e+00   5.0000000000000000e+01   1.4287500000000000e+00 #xyz tv1
           1.9550000000000001e+00   4.8124769730925571e+01   0.0000000000000000e+00 #xyz tv2
           1.7105653381347661e+00   5.0000000000000000e+01   1.4287500000000000e+00 -1 301 #xyz tv3 fid bid
           0.0000000000000000e+00   5.2000000000000021e+01  -1.2700000000000005e+00 #xyz tv0
           1.7105653381347661e+00   5.0000000000000000e+01   1.4287500000000000e+00 #xyz tv1
           2.4436903381347648e+00   5.0000000000000000e+01   2.8574999999999999e+00 #xyz tv2
           2.1993451690673824e+00   5.0000000000000000e+01   1.4287500000000000e+00 -1 301 #xyz tv3 fid bid
           2.1993451690673824e+00   5.0000000000000000e+01   1.4287500000000000e+00 #xyz tv0
           1.9550000000000001e+00   4.8124769730925571e+01   0.0000000000000000e+00 #xyz tv1
           1.7105653381347661e+00   5.0000000000000000e+01   1.4287500000000000e+00 #xyz tv2
           2.4436903381347648e+00   5.0000000000000000e+01   2.8574999999999999e+00 -1 301 #xyz tv3 fid bid
           2.4436903381347648e+00   5.0000000000000000e+01   2.8574999999999999e+00 #xyz tv0
           2.1993451690673824e+00   5.0000000000000000e+01   1.4287500000000000e+00 #xyz tv1
           1.7105653381347661e+00   5.0000000000000000e+01   1.4287500000000000e+00 155 -1 #xyz tv2 fid bid
           2.4436903381347648e+00   5.0000000000000000e+01   2.8574999999999999e+00 #xyz tv0
           2.1993451690673824e+00   5.0000000000000000e+01   1.4287500000000000e+00 #xyz tv1
           1.7105653381347661e+00   5.0000000000000000e+01   1.4287500000000000e+00 304 -1 #xyz tv2 fid bid
           2.1993451690673824e+00   5.0000000000000000e+01   1.4287500000000000e+00 #xyz tv0
           1.3593247509002699e+00   5.0000000000000000e+01   7.1437499999999998e-01 #xyz tv1
           1.7105653381347661e+00   5.0000000000000000e+01   1.4287500000000000e+00 155 -1 #xyz tv2 fid bid
           2.1993451690673824e+00   5.0000000000000000e+01   1.4287500000000000e+00 #xyz tv0
           1.3593247509002699e+00   5.0000000000000000e+01   7.1437499999999998e-01 #xyz tv1
           1.7105653381347661e+00   5.0000000000000000e+01   1.4287500000000000e+00 304 -1 #xyz tv2 fid bid
           2.1993451690673824e+00   5.0000000000000000e+01   1.4287500000000000e+00 #xyz ev0
           1.7105653381347661e+00   5.0000000000000000e+01   1.4287500000000000e+00 -1 301 #xyz ev1 fid bid
   0   0.000000000000e+00   0.000000000000e+00   0.000000000000e+00 #flag location
END_ERR 
BEGIN_ERR 
26 Small mesh segment detected on body : port_boundary
 Small mesh segment detected on body : port_boundary 
 Segment Statistics - Number of Segments : 1 --- Segment length(s) : 0.549859mm. The cutoff frequency for S-Matrix Only Solve is 1.49896229MHz 
3 -1  155  304  # nfids, fids[]
2 301  -1  # nbids, bids[]
      4 4 1 0 #ntets ntri ned npts
           2.1993451690673824e+00   5.0000000000000000e+01   1.4287500000000000e+00 #xyz tv0
           2.7492038345336902e+00   5.0000000000000000e+01   1.4287500000000000e+00 #xyz tv1
           0.0000000000000000e+00   5.2000000000000021e+01  -1.2700000000000005e+00 #xyz tv2
           1.9550000000000001e+00   5.0000000000000000e+01   0.0000000000000000e+00 -1 301 #xyz tv3 fid bid
           2.1993451690673824e+00   5.0000000000000000e+01   1.4287500000000000e+00 #xyz tv0
           1.9550000000000001e+00   4.8124769730925571e+01   0.0000000000000000e+00 #xyz tv1
           2.7492038345336902e+00   5.0000000000000000e+01   1.4287500000000000e+00 #xyz tv2
           1.9550000000000001e+00   5.0000000000000000e+01   0.0000000000000000e+00 -1 301 #xyz tv3 fid bid
           0.0000000000000000e+00   5.2000000000000021e+01  -1.2700000000000005e+00 #xyz tv0
           2.4436903381347648e+00   5.0000000000000000e+01   2.8574999999999999e+00 #xyz tv1
           2.7492038345336902e+00   5.0000000000000000e+01   1.4287500000000000e+00 #xyz tv2
           2.1993451690673824e+00   5.0000000000000000e+01   1.4287500000000000e+00 -1 301 #xyz tv3 fid bid
           2.1993451690673824e+00   5.0000000000000000e+01   1.4287500000000000e+00 #xyz tv0
           2.7492038345336902e+00   5.0000000000000000e+01   1.4287500000000000e+00 #xyz tv1
           1.9550000000000001e+00   4.8124769730925571e+01   0.0000000000000000e+00 #xyz tv2
           2.4436903381347648e+00   5.0000000000000000e+01   2.8574999999999999e+00 -1 301 #xyz tv3 fid bid
           1.9550000000000001e+00   5.0000000000000000e+01   0.0000000000000000e+00 #xyz tv0
           2.1993451690673824e+00   5.0000000000000000e+01   1.4287500000000000e+00 #xyz tv1
           2.7492038345336902e+00   5.0000000000000000e+01   1.4287500000000000e+00 155 -1 #xyz tv2 fid bid
           1.9550000000000001e+00   5.0000000000000000e+01   0.0000000000000000e+00 #xyz tv0
           2.1993451690673824e+00   5.0000000000000000e+01   1.4287500000000000e+00 #xyz tv1
           2.7492038345336902e+00   5.0000000000000000e+01   1.4287500000000000e+00 304 -1 #xyz tv2 fid bid
           2.1993451690673824e+00   5.0000000000000000e+01   1.4287500000000000e+00 #xyz tv0
           2.4436903381347648e+00   5.0000000000000000e+01   2.8574999999999999e+00 #xyz tv1
           2.7492038345336902e+00   5.0000000000000000e+01   1.4287500000000000e+00 155 -1 #xyz tv2 fid bid
           2.1993451690673824e+00   5.0000000000000000e+01   1.4287500000000000e+00 #xyz tv0
           2.4436903381347648e+00   5.0000000000000000e+01   2.8574999999999999e+00 #xyz tv1
           2.7492038345336902e+00   5.0000000000000000e+01   1.4287500000000000e+00 304 -1 #xyz tv2 fid bid
           2.1993451690673824e+00   5.0000000000000000e+01   1.4287500000000000e+00 #xyz ev0
           2.7492038345336902e+00   5.0000000000000000e+01   1.4287500000000000e+00 -1 301 #xyz ev1 fid bid
   0   0.000000000000e+00   0.000000000000e+00   0.000000000000e+00 #flag location
END_ERR 
BEGIN_ERR 
26 Small mesh segment detected on body : port_boundary
 Small mesh segment detected on body : port_boundary 
 Segment Statistics - Number of Segments : 1 --- Segment length(s) : 0.635000mm. The cutoff frequency for S-Matrix Only Solve is 1.49896229MHz 
5 -1  11  155  304  278  # nfids, fids[]
2 301  -1  # nbids, bids[]
      4 8 1 0 #ntets ntri ned npts
           9.7750000000000004e-01   5.0000000000000000e+01   0.0000000000000000e+00 #xyz tv0
           0.0000000000000000e+00   5.2000000000000021e+01  -1.2700000000000005e+00 #xyz tv1
           9.7750000000000004e-01   5.0000000000000000e+01  -6.3500000000000001e-01 #xyz tv2
           1.9550000000000001e+00   5.0000000000000000e+01   0.0000000000000000e+00 -1 301 #xyz tv3 fid bid
           9.7750000000000004e-01   5.0000000000000000e+01   0.0000000000000000e+00 #xyz tv0
           9.7750000000000004e-01   5.0000000000000000e+01  -6.3500000000000001e-01 #xyz tv1
           0.0000000000000000e+00   5.2000000000000021e+01  -1.2700000000000005e+00 #xyz tv2
           0.0000000000000000e+00   5.0000000000000000e+01   0.0000000000000000e+00 -1 301 #xyz tv3 fid bid
           9.7750000000000004e-01   5.0000000000000000e+01   0.0000000000000000e+00 #xyz tv0
           9.7750000000000004e-01   5.0000000000000000e+01  -6.3500000000000001e-01 #xyz tv1
           1.9550000000000001e+00   4.8124769730925571e+01   0.0000000000000000e+00 #xyz tv2
           1.9550000000000001e+00   5.0000000000000000e+01   0.0000000000000000e+00 -1 301 #xyz tv3 fid bid
           9.7750000000000004e-01   5.0000000000000000e+01   0.0000000000000000e+00 #xyz tv0
           1.9550000000000001e+00   4.8124769730925571e+01   0.0000000000000000e+00 #xyz tv1
           9.7750000000000004e-01   5.0000000000000000e+01  -6.3500000000000001e-01 #xyz tv2
           0.0000000000000000e+00   5.0000000000000000e+01   0.0000000000000000e+00 -1 301 #xyz tv3 fid bid
           0.0000000000000000e+00   5.0000000000000000e+01   0.0000000000000000e+00 #xyz tv0
           9.7750000000000004e-01   5.0000000000000000e+01   0.0000000000000000e+00 #xyz tv1
           9.7750000000000004e-01   5.0000000000000000e+01  -6.3500000000000001e-01 11 -1 #xyz tv2 fid bid
           0.0000000000000000e+00   5.0000000000000000e+01   0.0000000000000000e+00 #xyz tv0
           9.7750000000000004e-01   5.0000000000000000e+01   0.0000000000000000e+00 #xyz tv1
           9.7750000000000004e-01   5.0000000000000000e+01  -6.3500000000000001e-01 155 -1 #xyz tv2 fid bid
           0.0000000000000000e+00   5.0000000000000000e+01   0.0000000000000000e+00 #xyz tv0
           9.7750000000000004e-01   5.0000000000000000e+01   0.0000000000000000e+00 #xyz tv1
           9.7750000000000004e-01   5.0000000000000000e+01  -6.3500000000000001e-01 304 -1 #xyz tv2 fid bid
           0.0000000000000000e+00   5.0000000000000000e+01   0.0000000000000000e+00 #xyz tv0
           9.7750000000000004e-01   5.0000000000000000e+01   0.0000000000000000e+00 #xyz tv1
           9.7750000000000004e-01   5.0000000000000000e+01  -6.3500000000000001e-01 278 -1 #xyz tv2 fid bid
           9.7750000000000004e-01   5.0000000000000000e+01   0.0000000000000000e+00 #xyz tv0
           1.9550000000000001e+00   5.0000000000000000e+01   0.0000000000000000e+00 #xyz tv1
           9.7750000000000004e-01   5.0000000000000000e+01  -6.3500000000000001e-01 11 -1 #xyz tv2 fid bid
           9.7750000000000004e-01   5.0000000000000000e+01   0.0000000000000000e+00 #xyz tv0
           1.9550000000000001e+00   5.0000000000000000e+01   0.0000000000000000e+00 #xyz tv1
           9.7750000000000004e-01   5.0000000000000000e+01  -6.3500000000000001e-01 155 -1 #xyz tv2 fid bid
           9.7750000000000004e-01   5.0000000000000000e+01   0.0000000000000000e+00 #xyz tv0
           1.9550000000000001e+00   5.0000000000000000e+01   0.0000000000000000e+00 #xyz tv1
           9.7750000000000004e-01   5.0000000000000000e+01  -6.3500000000000001e-01 304 -1 #xyz tv2 fid bid
           9.7750000000000004e-01   5.0000000000000000e+01   0.0000000000000000e+00 #xyz tv0
           1.9550000000000001e+00   5.0000000000000000e+01   0.0000000000000000e+00 #xyz tv1
           9.7750000000000004e-01   5.0000000000000000e+01  -6.3500000000000001e-01 278 -1 #xyz tv2 fid bid
           9.7750000000000004e-01   5.0000000000000000e+01   0.0000000000000000e+00 #xyz ev0
           9.7750000000000004e-01   5.0000000000000000e+01  -6.3500000000000001e-01 -1 301 #xyz ev1 fid bid
   0   0.000000000000e+00   0.000000000000e+00   0.000000000000e+00 #flag location
END_ERR 
BEGIN_ERR 
26 Small mesh segment detected on body : port_boundary
 Small mesh segment detected on body : port_boundary 
 Segment Statistics - Number of Segments : 1 --- Segment length(s) : 0.635000mm. The cutoff frequency for S-Matrix Only Solve is 1.49896229MHz 
5 -1  11  155  304  278  # nfids, fids[]
2 301  -1  # nbids, bids[]
      4 8 1 0 #ntets ntri ned npts
          -2.9325000000000001e+00   5.0000000000000000e+01  -1.2700000000000000e+00 #xyz tv0
          -1.9550000000000001e+00   5.0000000000000000e+01  -6.3500000000000001e-01 #xyz tv1
          -1.9550000000000001e+00   5.0000000000000000e+01   0.0000000000000000e+00 #xyz tv2
          -5.8650000000000002e+00   5.2000000000000021e+01  -1.2700000000000005e+00 -1 301 #xyz tv3 fid bid
          -1.9550000000000001e+00   4.9062354072007352e+01   0.0000000000000000e+00 #xyz tv0
          -2.9325000000000001e+00   5.0000000000000000e+01  -1.2700000000000000e+00 #xyz tv1
          -1.9550000000000001e+00   5.0000000000000000e+01  -6.3500000000000001e-01 #xyz tv2
          -1.9550000000000001e+00   5.0000000000000000e+01   0.0000000000000000e+00 -1 301 #xyz tv3 fid bid
          -1.7106250000000001e+00   5.0000000000000000e+01  -6.3500000000000001e-01 #xyz tv0
          -1.9550000000000001e+00   5.0000000000000000e+01  -6.3500000000000001e-01 #xyz tv1
          -5.8650000000000002e+00   5.2000000000000021e+01  -1.2700000000000005e+00 #xyz tv2
          -1.9550000000000001e+00   5.0000000000000000e+01   0.0000000000000000e+00 -1 301 #xyz tv3 fid bid
          -1.9550000000000001e+00   4.9062354072007352e+01   0.0000000000000000e+00 #xyz tv0
          -1.9550000000000001e+00   5.0000000000000000e+01  -6.3500000000000001e-01 #xyz tv1
          -1.7106250000000001e+00   5.0000000000000000e+01  -6.3500000000000001e-01 #xyz tv2
          -1.9550000000000001e+00   5.0000000000000000e+01   0.0000000000000000e+00 -1 301 #xyz tv3 fid bid
          -2.9325000000000001e+00   5.0000000000000000e+01  -1.2700000000000000e+00 #xyz tv0
          -1.9550000000000001e+00   5.0000000000000000e+01   0.0000000000000000e+00 #xyz tv1
          -1.9550000000000001e+00   5.0000000000000000e+01  -6.3500000000000001e-01 11 -1 #xyz tv2 fid bid
          -2.9325000000000001e+00   5.0000000000000000e+01  -1.2700000000000000e+00 #xyz tv0
          -1.9550000000000001e+00   5.0000000000000000e+01   0.0000000000000000e+00 #xyz tv1
          -1.9550000000000001e+00   5.0000000000000000e+01  -6.3500000000000001e-01 155 -1 #xyz tv2 fid bid
          -2.9325000000000001e+00   5.0000000000000000e+01  -1.2700000000000000e+00 #xyz tv0
          -1.9550000000000001e+00   5.0000000000000000e+01   0.0000000000000000e+00 #xyz tv1
          -1.9550000000000001e+00   5.0000000000000000e+01  -6.3500000000000001e-01 304 -1 #xyz tv2 fid bid
          -2.9325000000000001e+00   5.0000000000000000e+01  -1.2700000000000000e+00 #xyz tv0
          -1.9550000000000001e+00   5.0000000000000000e+01   0.0000000000000000e+00 #xyz tv1
          -1.9550000000000001e+00   5.0000000000000000e+01  -6.3500000000000001e-01 278 -1 #xyz tv2 fid bid
          -1.9550000000000001e+00   5.0000000000000000e+01   0.0000000000000000e+00 #xyz tv0
          -1.7106250000000001e+00   5.0000000000000000e+01  -6.3500000000000001e-01 #xyz tv1
          -1.9550000000000001e+00   5.0000000000000000e+01  -6.3500000000000001e-01 11 -1 #xyz tv2 fid bid
          -1.9550000000000001e+00   5.0000000000000000e+01   0.0000000000000000e+00 #xyz tv0
          -1.7106250000000001e+00   5.0000000000000000e+01  -6.3500000000000001e-01 #xyz tv1
          -1.9550000000000001e+00   5.0000000000000000e+01  -6.3500000000000001e-01 155 -1 #xyz tv2 fid bid
          -1.9550000000000001e+00   5.0000000000000000e+01   0.0000000000000000e+00 #xyz tv0
          -1.7106250000000001e+00   5.0000000000000000e+01  -6.3500000000000001e-01 #xyz tv1
          -1.9550000000000001e+00   5.0000000000000000e+01  -6.3500000000000001e-01 304 -1 #xyz tv2 fid bid
          -1.9550000000000001e+00   5.0000000000000000e+01   0.0000000000000000e+00 #xyz tv0
          -1.7106250000000001e+00   5.0000000000000000e+01  -6.3500000000000001e-01 #xyz tv1
          -1.9550000000000001e+00   5.0000000000000000e+01  -6.3500000000000001e-01 278 -1 #xyz tv2 fid bid
          -1.9550000000000001e+00   5.0000000000000000e+01   0.0000000000000000e+00 #xyz ev0
          -1.9550000000000001e+00   5.0000000000000000e+01  -6.3500000000000001e-01 -1 301 #xyz ev1 fid bid
   0   0.000000000000e+00   0.000000000000e+00   0.000000000000e+00 #flag location
END_ERR 
BEGIN_ERR 
26 Small mesh segment detected on body : port_boundary
 Small mesh segment detected on body : port_boundary 
 Segment Statistics - Number of Segments : 1 --- Segment length(s) : 0.635000mm. The cutoff frequency for S-Matrix Only Solve is 1.49896229MHz 
5 -1  11  155  304  278  # nfids, fids[]
2 301  -1  # nbids, bids[]
      5 8 1 0 #ntets ntri ned npts
          -9.7750000000000004e-01   5.0000000000000000e+01   0.0000000000000000e+00 #xyz tv0
          -9.7750000000000004e-01   5.0000000000000000e+01  -6.3500000000000001e-01 #xyz tv1
           0.0000000000000000e+00   5.2000000000000021e+01  -1.2700000000000005e+00 #xyz tv2
          -1.9550000000000001e+00   5.0000000000000000e+01   0.0000000000000000e+00 -1 301 #xyz tv3 fid bid
          -9.7750000000000004e-01   5.0000000000000000e+01   0.0000000000000000e+00 #xyz tv0
           0.0000000000000000e+00   5.2000000000000021e+01  -1.2700000000000005e+00 #xyz tv1
          -9.7750000000000004e-01   5.0000000000000000e+01  -6.3500000000000001e-01 #xyz tv2
           0.0000000000000000e+00   5.0000000000000000e+01   0.0000000000000000e+00 -1 301 #xyz tv3 fid bid
          -1.9550000000000001e+00   4.9062354072007352e+01   0.0000000000000000e+00 #xyz tv0
          -9.7750000000000004e-01   5.0000000000000000e+01  -6.3500000000000001e-01 #xyz tv1
          -9.7750000000000004e-01   5.0000000000000000e+01   0.0000000000000000e+00 #xyz tv2
          -1.9550000000000001e+00   5.0000000000000000e+01   0.0000000000000000e+00 -1 301 #xyz tv3 fid bid
          -9.7750000000000004e-01   5.0000000000000000e+01   0.0000000000000000e+00 #xyz tv0
          -9.7750000000000004e-01   5.0000000000000000e+01  -6.3500000000000001e-01 #xyz tv1
          -1.9550000000000001e+00   4.8124708144014704e+01   0.0000000000000000e+00 #xyz tv2
           0.0000000000000000e+00   5.0000000000000000e+01   0.0000000000000000e+00 -1 301 #xyz tv3 fid bid
          -1.9550000000000001e+00   4.9062354072007352e+01   0.0000000000000000e+00 #xyz tv0
          -9.7750000000000004e-01   5.0000000000000000e+01   0.0000000000000000e+00 #xyz tv1
          -9.7750000000000004e-01   5.0000000000000000e+01  -6.3500000000000001e-01 #xyz tv2
          -1.9550000000000001e+00   4.8124708144014704e+01   0.0000000000000000e+00 -1 301 #xyz tv3 fid bid
          -1.9550000000000001e+00   5.0000000000000000e+01   0.0000000000000000e+00 #xyz tv0
          -9.7750000000000004e-01   5.0000000000000000e+01   0.0000000000000000e+00 #xyz tv1
          -9.7750000000000004e-01   5.0000000000000000e+01  -6.3500000000000001e-01 11 -1 #xyz tv2 fid bid
          -1.9550000000000001e+00   5.0000000000000000e+01   0.0000000000000000e+00 #xyz tv0
          -9.7750000000000004e-01   5.0000000000000000e+01   0.0000000000000000e+00 #xyz tv1
          -9.7750000000000004e-01   5.0000000000000000e+01  -6.3500000000000001e-01 155 -1 #xyz tv2 fid bid
          -1.9550000000000001e+00   5.0000000000000000e+01   0.0000000000000000e+00 #xyz tv0
          -9.7750000000000004e-01   5.0000000000000000e+01   0.0000000000000000e+00 #xyz tv1
          -9.7750000000000004e-01   5.0000000000000000e+01  -6.3500000000000001e-01 304 -1 #xyz tv2 fid bid
          -1.9550000000000001e+00   5.0000000000000000e+01   0.0000000000000000e+00 #xyz tv0
          -9.7750000000000004e-01   5.0000000000000000e+01   0.0000000000000000e+00 #xyz tv1
          -9.7750000000000004e-01   5.0000000000000000e+01  -6.3500000000000001e-01 278 -1 #xyz tv2 fid bid
          -9.7750000000000004e-01   5.0000000000000000e+01   0.0000000000000000e+00 #xyz tv0
           0.0000000000000000e+00   5.0000000000000000e+01   0.0000000000000000e+00 #xyz tv1
          -9.7750000000000004e-01   5.0000000000000000e+01  -6.3500000000000001e-01 11 -1 #xyz tv2 fid bid
          -9.7750000000000004e-01   5.0000000000000000e+01   0.0000000000000000e+00 #xyz tv0
           0.0000000000000000e+00   5.0000000000000000e+01   0.0000000000000000e+00 #xyz tv1
          -9.7750000000000004e-01   5.0000000000000000e+01  -6.3500000000000001e-01 155 -1 #xyz tv2 fid bid
          -9.7750000000000004e-01   5.0000000000000000e+01   0.0000000000000000e+00 #xyz tv0
           0.0000000000000000e+00   5.0000000000000000e+01   0.0000000000000000e+00 #xyz tv1
          -9.7750000000000004e-01   5.0000000000000000e+01  -6.3500000000000001e-01 304 -1 #xyz tv2 fid bid
          -9.7750000000000004e-01   5.0000000000000000e+01   0.0000000000000000e+00 #xyz tv0
           0.0000000000000000e+00   5.0000000000000000e+01   0.0000000000000000e+00 #xyz tv1
          -9.7750000000000004e-01   5.0000000000000000e+01  -6.3500000000000001e-01 278 -1 #xyz tv2 fid bid
          -9.7750000000000004e-01   5.0000000000000000e+01   0.0000000000000000e+00 #xyz ev0
          -9.7750000000000004e-01   5.0000000000000000e+01  -6.3500000000000001e-01 -1 301 #xyz ev1 fid bid
   0   0.000000000000e+00   0.000000000000e+00   0.000000000000e+00 #flag location
END_ERR 
BEGIN_ERR 
26 Small mesh segment detected on body : port_boundary
 Small mesh segment detected on body : port_boundary 
 Segment Statistics - Number of Segments : 1 --- Segment length(s) : 0.635000mm. The cutoff frequency for S-Matrix Only Solve is 1.49896229MHz 
5 -1  11  155  304  278  # nfids, fids[]
2 301  -1  # nbids, bids[]
      4 8 1 0 #ntets ntri ned npts
           2.4437500000000001e+00   5.0000000000000000e+01  -6.3500000000000056e-01 #xyz tv0
           1.9550000000000001e+00   5.0000000000000000e+01  -6.3500000000000001e-01 #xyz tv1
           0.0000000000000000e+00   5.2000000000000021e+01  -1.2700000000000005e+00 #xyz tv2
           1.9550000000000001e+00   5.0000000000000000e+01   0.0000000000000000e+00 -1 301 #xyz tv3 fid bid
           1.4662500000000001e+00   5.0000000000000000e+01  -1.2700000000000005e+00 #xyz tv0
           1.9550000000000001e+00   5.0000000000000000e+01  -6.3500000000000001e-01 #xyz tv1
           1.9550000000000001e+00   5.0000000000000000e+01   0.0000000000000000e+00 #xyz tv2
           0.0000000000000000e+00   5.2000000000000021e+01  -1.2700000000000005e+00 -1 301 #xyz tv3 fid bid
           2.4437500000000001e+00   5.0000000000000000e+01  -6.3500000000000056e-01 #xyz tv0
           1.9550000000000001e+00   4.8124769730925571e+01   0.0000000000000000e+00 #xyz tv1
           1.9550000000000001e+00   5.0000000000000000e+01  -6.3500000000000001e-01 #xyz tv2
           1.9550000000000001e+00   5.0000000000000000e+01   0.0000000000000000e+00 -1 301 #xyz tv3 fid bid
           1.4662500000000001e+00   5.0000000000000000e+01  -1.2700000000000005e+00 #xyz tv0
           1.9550000000000001e+00   5.0000000000000000e+01   0.0000000000000000e+00 #xyz tv1
           1.9550000000000001e+00   5.0000000000000000e+01  -6.3500000000000001e-01 #xyz tv2
           1.9550000000000001e+00   4.8124769730925571e+01   0.0000000000000000e+00 -1 301 #xyz tv3 fid bid
           1.4662500000000001e+00   5.0000000000000000e+01  -1.2700000000000005e+00 #xyz tv0
           1.9550000000000001e+00   5.0000000000000000e+01   0.0000000000000000e+00 #xyz tv1
           1.9550000000000001e+00   5.0000000000000000e+01  -6.3500000000000001e-01 11 -1 #xyz tv2 fid bid
           1.4662500000000001e+00   5.0000000000000000e+01  -1.2700000000000005e+00 #xyz tv0
           1.9550000000000001e+00   5.0000000000000000e+01   0.0000000000000000e+00 #xyz tv1
           1.9550000000000001e+00   5.0000000000000000e+01  -6.3500000000000001e-01 155 -1 #xyz tv2 fid bid
           1.4662500000000001e+00   5.0000000000000000e+01  -1.2700000000000005e+00 #xyz tv0
           1.9550000000000001e+00   5.0000000000000000e+01   0.0000000000000000e+00 #xyz tv1
           1.9550000000000001e+00   5.0000000000000000e+01  -6.3500000000000001e-01 304 -1 #xyz tv2 fid bid
           1.4662500000000001e+00   5.0000000000000000e+01  -1.2700000000000005e+00 #xyz tv0
           1.9550000000000001e+00   5.0000000000000000e+01   0.0000000000000000e+00 #xyz tv1
           1.9550000000000001e+00   5.0000000000000000e+01  -6.3500000000000001e-01 278 -1 #xyz tv2 fid bid
           1.9550000000000001e+00   5.0000000000000000e+01   0.0000000000000000e+00 #xyz tv0
           2.4437500000000001e+00   5.0000000000000000e+01  -6.3500000000000056e-01 #xyz tv1
           1.9550000000000001e+00   5.0000000000000000e+01  -6.3500000000000001e-01 11 -1 #xyz tv2 fid bid
           1.9550000000000001e+00   5.0000000000000000e+01   0.0000000000000000e+00 #xyz tv0
           2.4437500000000001e+00   5.0000000000000000e+01  -6.3500000000000056e-01 #xyz tv1
           1.9550000000000001e+00   5.0000000000000000e+01  -6.3500000000000001e-01 155 -1 #xyz tv2 fid bid
           1.9550000000000001e+00   5.0000000000000000e+01   0.0000000000000000e+00 #xyz tv0
           2.4437500000000001e+00   5.0000000000000000e+01  -6.3500000000000056e-01 #xyz tv1
           1.9550000000000001e+00   5.0000000000000000e+01  -6.3500000000000001e-01 304 -1 #xyz tv2 fid bid
           1.9550000000000001e+00   5.0000000000000000e+01   0.0000000000000000e+00 #xyz tv0
           2.4437500000000001e+00   5.0000000000000000e+01  -6.3500000000000056e-01 #xyz tv1
           1.9550000000000001e+00   5.0000000000000000e+01  -6.3500000000000001e-01 278 -1 #xyz tv2 fid bid
           1.9550000000000001e+00   5.0000000000000000e+01   0.0000000000000000e+00 #xyz ev0
           1.9550000000000001e+00   5.0000000000000000e+01  -6.3500000000000001e-01 -1 301 #xyz ev1 fid bid
   0   0.000000000000e+00   0.000000000000e+00   0.000000000000e+00 #flag location
END_ERR 
G3dErrFileVersion 2018P3.1
FlagFileMetaData Begin
   Mesh Size - Setup1, Refinement, Pass #2, Freq. 2.450000e+09 :Title    
   Listing of mesh elements with small segments. :ToolTip  
   hf3d :Author   
   1668860914 :TimeStamp
FlagFileMetaData End
BEGIN_ERR 
26 Small mesh segment detected on body : substrate
 Small mesh segment detected on body : substrate 
 Segment Statistics - Number of Segments : 1 --- Segment length(s) : 0.274913mm. The cutoff frequency for S-Matrix Only Solve is 1.49896229MHz 
1 -1  # nfids, fids[]
1 6  # nbids, bids[]
      5 0 1 0 #ntets ntri ned npts
          -2.0351948806423614e+00   5.0000000000000000e+01  -3.5146074074074080e-01 #xyz tv0
          -2.4897198894364090e+00   4.9756155692738488e+01  -1.9027678728720582e-01 #xyz tv1
          -2.4923324360059063e+00   5.0000000000000000e+01  -3.1720380904672396e-01 #xyz tv2
          -1.9550000000000001e+00   5.0000000000000000e+01   0.0000000000000000e+00 -1 6 #xyz tv3 fid bid
          -2.0351948806423614e+00   5.0000000000000000e+01  -3.5146074074074080e-01 #xyz tv0
          -2.4923324360059063e+00   5.0000000000000000e+01  -3.1720380904672396e-01 #xyz tv1
          -2.4897198894364090e+00   4.9756155692738488e+01  -1.9027678728720582e-01 #xyz tv2
          -2.2266666408209437e+00   5.0000000000000000e+01  -7.2152193903368411e-01 -1 6 #xyz tv3 fid bid
          -2.4923324360059063e+00   5.0000000000000000e+01  -3.1720380904672396e-01 #xyz tv0
          -2.4897198894364090e+00   4.9756155692738488e+01  -1.9027678728720582e-01 #xyz tv1
          -3.1768749999999999e+00   5.0000000000000000e+01   0.0000000000000000e+00 #xyz tv2
          -1.9550000000000001e+00   5.0000000000000000e+01   0.0000000000000000e+00 -1 6 #xyz tv3 fid bid
          -2.4923324360059063e+00   5.0000000000000000e+01  -3.1720380904672396e-01 #xyz tv0
          -2.2266666408209437e+00   5.0000000000000000e+01  -7.2152193903368411e-01 #xyz tv1
          -3.0823021110622193e+00   4.9455846666778918e+01  -4.2348832530748348e-01 #xyz tv2
          -2.4897198894364090e+00   4.9756155692738488e+01  -1.9027678728720582e-01 -1 6 #xyz tv3 fid bid
          -2.4923324360059063e+00   5.0000000000000000e+01  -3.1720380904672396e-01 #xyz tv0
          -3.0823021110622193e+00   4.9455846666778918e+01  -4.2348832530748348e-01 #xyz tv1
          -3.1768749999999999e+00   5.0000000000000000e+01   0.0000000000000000e+00 #xyz tv2
          -2.4897198894364090e+00   4.9756155692738488e+01  -1.9027678728720582e-01 -1 6 #xyz tv3 fid bid
          -2.4923324360059063e+00   5.0000000000000000e+01  -3.1720380904672396e-01 #xyz ev0
          -2.4897198894364090e+00   4.9756155692738488e+01  -1.9027678728720582e-01 -1 6 #xyz ev1 fid bid
   0   0.000000000000e+00   0.000000000000e+00   0.000000000000e+00 #flag location
END_ERR 
BEGIN_ERR 
26 Small mesh segment detected on body : port_boundary
 Small mesh segment detected on body : port_boundary 
 Segment Statistics - Number of Segments : 1 --- Segment length(s) : 0.360494mm. The cutoff frequency for S-Matrix Only Solve is 1.49896229MHz 
5 -1  11  155  304  278  # nfids, fids[]
2 301  -1  # nbids, bids[]
      5 8 1 0 #ntets ntri ned npts
          -2.9325000000000001e+00   5.2000000000000028e+01  -1.2700000000000005e+00 #xyz tv0
          -1.4204296875000000e+00   5.0000000000000000e+01   0.0000000000000000e+00 #xyz tv1
          -2.0351948806423614e+00   5.0000000000000000e+01  -3.5146074074074080e-01 #xyz tv2
          -1.9550000000000001e+00   5.0000000000000000e+01   0.0000000000000000e+00 -1 301 #xyz tv3 fid bid
          -2.0351948806423614e+00   5.0000000000000000e+01  -3.5146074074074080e-01 #xyz tv0
          -1.4204296875000000e+00   5.0000000000000000e+01   0.0000000000000000e+00 #xyz tv1
          -2.0214452917416637e+00   4.9617732197934373e+01  -3.9492906301212971e-01 #xyz tv2
          -1.9550000000000001e+00   5.0000000000000000e+01   0.0000000000000000e+00 -1 301 #xyz tv3 fid bid
          -2.9325000000000001e+00   5.2000000000000028e+01  -1.2700000000000005e+00 #xyz tv0
          -2.0351948806423614e+00   5.0000000000000000e+01  -3.5146074074074080e-01 #xyz tv1
          -2.4923324360059063e+00   5.0000000000000000e+01  -3.1720380904672396e-01 #xyz tv2
          -1.9550000000000001e+00   5.0000000000000000e+01   0.0000000000000000e+00 -1 301 #xyz tv3 fid bid
          -2.0351948806423614e+00   5.0000000000000000e+01  -3.5146074074074080e-01 #xyz tv0
          -2.0214452917416637e+00   4.9617732197934373e+01  -3.9492906301212971e-01 #xyz tv1
          -2.4897198894364090e+00   4.9756155692738488e+01  -1.9027678728720582e-01 #xyz tv2
          -1.9550000000000001e+00   5.0000000000000000e+01   0.0000000000000000e+00 -1 301 #xyz tv3 fid bid
          -2.0351948806423614e+00   5.0000000000000000e+01  -3.5146074074074080e-01 #xyz tv0
