G3dErrFileVersion 2018P3.1
FlagFileMetaData Begin
   Mesh Size - Setup1, Refinement, Pass #1, Freq. 2.450000e+09 :Title    
   Listing of mesh elements with small segments. :ToolTip  
   hf3d :Author   
   1667772821 :TimeStamp
FlagFileMetaData End
BEGIN_ERR 
26 Small mesh segment detected on body : muscle
 Small mesh segment detected on body : muscle 
 Segment Statistics - Number of Segments : 1 --- Segment length(s) : 9.171089mm. The cutoff frequency for S-Matrix Only Solve is 2.49827048333333MHz 
2 -1  64  # nfids, fids[]
2 62  -1  # nbids, bids[]
      5 2 1 0 #ntets ntri ned npts
           4.2031933320191655e+01  -2.6853224326788858e+00  -3.5951528361381122e+01 #xyz tv0
           3.6246321474286177e+01  -9.2427192814181969e-01  -4.1000000000000000e+01 #xyz tv1
           4.3358913397417219e+01  -6.7139095426490165e+00  -4.1000000000000000e+01 #xyz tv2
           4.3213021143331090e+01   2.1393806892280489e+00  -4.1000000000000000e+01 -1 62 #xyz tv3 fid bid
           4.3213021143331090e+01   2.1393806892280489e+00  -4.1000000000000000e+01 #xyz tv0
           4.3358913397417219e+01  -6.7139095426490165e+00  -4.1000000000000000e+01 #xyz tv1
           3.3000000000000000e+01  -8.2500000000000000e+00  -4.9714285714285715e+01 #xyz tv2
           3.6246321474286177e+01  -9.2427192814181969e-01  -4.1000000000000000e+01 -1 62 #xyz tv3 fid bid
           4.3358913397417219e+01  -6.7139095426490165e+00  -4.1000000000000000e+01 #xyz tv0
           3.7954481679750515e+01  -4.4809901304890882e+00  -3.6587573309306030e+01 #xyz tv1
           3.6246321474286177e+01  -9.2427192814181969e-01  -4.1000000000000000e+01 #xyz tv2
           4.2031933320191655e+01  -2.6853224326788858e+00  -3.5951528361381122e+01 -1 62 #xyz tv3 fid bid
           3.7943066660382087e+01  -7.5108715189789788e+00  -4.1000000000000000e+01 #xyz tv0
           3.6246321474286177e+01  -9.2427192814181969e-01  -4.1000000000000000e+01 #xyz tv1
           3.3000000000000000e+01  -8.2500000000000000e+00  -4.9714285714285715e+01 #xyz tv2
           4.3358913397417219e+01  -6.7139095426490165e+00  -4.1000000000000000e+01 -1 62 #xyz tv3 fid bid
           4.3358913397417219e+01  -6.7139095426490165e+00  -4.1000000000000000e+01 #xyz tv0
           3.6246321474286177e+01  -9.2427192814181969e-01  -4.1000000000000000e+01 #xyz tv1
           3.7954481679750515e+01  -4.4809901304890882e+00  -3.6587573309306030e+01 #xyz tv2
           3.7943066660382087e+01  -7.5108715189789788e+00  -4.1000000000000000e+01 -1 62 #xyz tv3 fid bid
           3.6246321474286177e+01  -9.2427192814181969e-01  -4.1000000000000000e+01 #xyz tv0
           4.3213021143331090e+01   2.1393806892280489e+00  -4.1000000000000000e+01 #xyz tv1
           4.3358913397417219e+01  -6.7139095426490165e+00  -4.1000000000000000e+01 64 -1 #xyz tv2 fid bid
           4.3358913397417219e+01  -6.7139095426490165e+00  -4.1000000000000000e+01 #xyz tv0
           3.7943066660382087e+01  -7.5108715189789788e+00  -4.1000000000000000e+01 #xyz tv1
           3.6246321474286177e+01  -9.2427192814181969e-01  -4.1000000000000000e+01 64 -1 #xyz tv2 fid bid
           4.3358913397417219e+01  -6.7139095426490165e+00  -4.1000000000000000e+01 #xyz ev0
           3.6246321474286177e+01  -9.2427192814181969e-01  -4.1000000000000000e+01 -1 62 #xyz ev1 fid bid
   0   0.000000000000e+00   0.000000000000e+00   0.000000000000e+00 #flag location
END_ERR 
G3dErrFileVersion 2018P3.1
FlagFileMetaData Begin
   Mesh Size - Setup1, Refinement, Pass #2, Freq. 2.450000e+09 :Title    
   Listing of mesh elements with small segments. :ToolTip  
   hf3d :Author   
   1667772823 :TimeStamp
FlagFileMetaData End
BEGIN_ERR 
26 Small mesh segment detected on body : muscle
 Small mesh segment detected on body : muscle 
 Segment Statistics - Number of Segments : 1 --- Segment length(s) : 9.171089mm. The cutoff frequency for S-Matrix Only Solve is 2.49827048333333MHz 
2 -1  64  # nfids, fids[]
2 62  -1  # nbids, bids[]
      5 2 1 0 #ntets ntri ned npts
           4.2031933320191655e+01  -2.6853224326788858e+00  -3.5951528361381122e+01 #xyz tv0
           3.6246321474286177e+01  -9.2427192814181980e-01  -4.1000000000000000e+01 #xyz tv1
           4.3358913397417219e+01  -6.7139095426490165e+00  -4.1000000000000000e+01 #xyz tv2
           4.3143665064338862e+01   2.2203975425438762e+00  -4.1000000000000000e+01 -1 62 #xyz tv3 fid bid
           4.3143665064338862e+01   2.2203975425438762e+00  -4.1000000000000000e+01 #xyz tv0
           4.3358913397417219e+01  -6.7139095426490165e+00  -4.1000000000000000e+01 #xyz tv1
           3.3000000000000000e+01  -8.2500000000000000e+00  -4.9714285714285715e+01 #xyz tv2
           3.6246321474286177e+01  -9.2427192814181980e-01  -4.1000000000000000e+01 -1 62 #xyz tv3 fid bid
           4.3358913397417219e+01  -6.7139095426490165e+00  -4.1000000000000000e+01 #xyz tv0
           3.7954579634540558e+01  -4.4819144888807214e+00  -3.6587258910635455e+01 #xyz tv1
           3.6246321474286177e+01  -9.2427192814181980e-01  -4.1000000000000000e+01 #xyz tv2
           4.2031933320191655e+01  -2.6853224326788858e+00  -3.5951528361381122e+01 -1 62 #xyz tv3 fid bid
           3.7943066660382087e+01  -7.5108715189789796e+00  -4.1000000000000000e+01 #xyz tv0
           3.6246321474286177e+01  -9.2427192814181980e-01  -4.1000000000000000e+01 #xyz tv1
           3.3000000000000000e+01  -8.2500000000000000e+00  -4.9714285714285715e+01 #xyz tv2
           4.3358913397417219e+01  -6.7139095426490165e+00  -4.1000000000000000e+01 -1 62 #xyz tv3 fid bid
           4.3358913397417219e+01  -6.7139095426490165e+00  -4.1000000000000000e+01 #xyz tv0
           3.6246321474286177e+01  -9.2427192814181980e-01  -4.1000000000000000e+01 #xyz tv1
           3.7954579634540558e+01  -4.4819144888807214e+00  -3.6587258910635455e+01 #xyz tv2
           3.7943066660382087e+01  -7.5108715189789796e+00  -4.1000000000000000e+01 -1 62 #xyz tv3 fid bid
           3.6246321474286177e+01  -9.2427192814181980e-01  -4.1000000000000000e+01 #xyz tv0
           4.3143665064338862e+01   2.2203975425438762e+00  -4.1000000000000000e+01 #xyz tv1
           4.3358913397417219e+01  -6.7139095426490165e+00  -4.1000000000000000e+01 64 -1 #xyz tv2 fid bid
           4.3358913397417219e+01  -6.7139095426490165e+00  -4.1000000000000000e+01 #xyz tv0
           3.7943066660382087e+01  -7.5108715189789796e+00  -4.1000000000000000e+01 #xyz tv1
           3.6246321474286177e+01  -9.2427192814181980e-01  -4.1000000000000000e+01 64 -1 #xyz tv2 fid bid
           4.3358913397417219e+01  -6.7139095426490165e+00  -4.1000000000000000e+01 #xyz ev0
           3.6246321474286177e+01  -9.2427192814181980e-01  -4.1000000000000000e+01 -1 62 #xyz ev1 fid bid
   0   0.000000000000e+00   0.000000000000e+00   0.000000000000e+00 #flag location
END_ERR 
G3dErrFileVersion 2018P3.1
FlagFileMetaData Begin
   Mesh Size - Setup1, Refinement, Pass #3, Freq. 2.450000e+09 :Title    
   Listing of mesh elements with small segments. :ToolTip  
   hf3d :Author   
   1667772825 :TimeStamp
FlagFileMetaData End
BEGIN_ERR 
26 Small mesh segment detected on body : AIR
 Small mesh segment detected on body : AIR 
 Segment Statistics - Number of Segments : 1 --- Segment length(s) : 0.280398mm. The cutoff frequency for S-Matrix Only Solve is 2.49827048333333MHz 
1 -1  # nfids, fids[]
1 935  # nbids, bids[]
      5 0 1 0 #ntets ntri ned npts
          -2.8415863514081821e+00  -1.7687500000000004e+01   7.5000000000000000e-01 #xyz tv0
          -1.6831727028163641e+00  -2.0000000000000000e+01   1.5000000000000000e+00 #xyz tv1
          -1.9207931757040910e+00  -1.8843750000000000e+01   3.7500000000000000e-01 #xyz tv2
          -2.1990328122129714e+00  -1.8843750000000000e+01   3.4027777777777779e-01 -1 935 #xyz tv3 fid bid
          -1.9207931757040910e+00  -1.8843750000000000e+01   3.7500000000000000e-01 #xyz tv0
          -1.6831727028163641e+00  -2.0000000000000000e+01   1.5000000000000000e+00 #xyz tv1
          -2.0108878611096879e+00  -2.0000000000000000e+01   6.4948774005486964e-01 #xyz tv2
          -2.1990328122129714e+00  -1.8843750000000000e+01   3.4027777777777779e-01 -1 935 #xyz tv3 fid bid
          -2.1953125000000000e+00  -1.8843750000000000e+01   0.0000000000000000e+00 #xyz tv0
          -2.8415863514081821e+00  -1.7687500000000004e+01   7.5000000000000000e-01 #xyz tv1
          -1.9207931757040910e+00  -1.8843750000000000e+01   3.7500000000000000e-01 #xyz tv2
          -2.1990328122129714e+00  -1.8843750000000000e+01   3.4027777777777779e-01 -1 935 #xyz tv3 fid bid
          -1.9207931757040910e+00  -1.8843750000000000e+01   3.7500000000000000e-01 #xyz tv0
          -2.0108878611096879e+00  -2.0000000000000000e+01   6.4948774005486964e-01 #xyz tv1
          -1.5496672512002418e+00  -1.9306402940197071e+01   2.9157791081935419e-01 #xyz tv2
          -2.1990328122129714e+00  -1.8843750000000000e+01   3.4027777777777779e-01 -1 935 #xyz tv3 fid bid
          -1.5496672512002418e+00  -1.9306402940197071e+01   2.9157791081935419e-01 #xyz tv0
          -2.1953125000000000e+00  -1.8843750000000000e+01   0.0000000000000000e+00 #xyz tv1
          -1.9207931757040910e+00  -1.8843750000000000e+01   3.7500000000000000e-01 #xyz tv2
          -2.1990328122129714e+00  -1.8843750000000000e+01   3.4027777777777779e-01 -1 935 #xyz tv3 fid bid
          -1.9207931757040910e+00  -1.8843750000000000e+01   3.7500000000000000e-01 #xyz ev0
          -2.1990328122129714e+00  -1.8843750000000000e+01   3.4027777777777779e-01 -1 935 #xyz ev1 fid bid
   0   0.000000000000e+00   0.000000000000e+00   0.000000000000e+00 #flag location
END_ERR 
G3dErrFileVersion 2018P3.1
FlagFileMetaData Begin
   Mesh Size - Setup1, Refinement, Pass #4, Freq. 2.450000e+09 :Title    
   Listing of mesh elements with small segments. :ToolTip  
   hf3d :Author   
   1667772828 :TimeStamp
FlagFileMetaData End
BEGIN_ERR 
26 Small mesh segment detected on body : AIR
 Small mesh segment detected on body : AIR 
 Segment Statistics - Number of Segments : 1 --- Segment length(s) : 0.280398mm. The cutoff frequency for S-Matrix Only Solve is 2.49827048333333MHz 
1 -1  # nfids, fids[]
1 935  # nbids, bids[]
      5 0 1 0 #ntets ntri ned npts
          -1.5496672512002418e+00  -1.9306402940197071e+01   2.9157791081935419e-01 #xyz tv0
          -2.1953125000000000e+00  -1.8843750000000000e+01   0.0000000000000000e+00 #xyz tv1
          -1.9207931757040910e+00  -1.8843750000000000e+01   3.7500000000000000e-01 #xyz tv2
          -2.1990328122129714e+00  -1.8843750000000000e+01   3.4027777777777779e-01 -1 935 #xyz tv3 fid bid
          -2.1953125000000000e+00  -1.8843750000000000e+01   0.0000000000000000e+00 #xyz tv0
          -2.8415863514081821e+00  -1.7687500000000004e+01   7.5000000000000000e-01 #xyz tv1
          -1.9207931757040910e+00  -1.8843750000000000e+01   3.7500000000000000e-01 #xyz tv2
          -2.1990328122129714e+00  -1.8843750000000000e+01   3.4027777777777779e-01 -1 935 #xyz tv3 fid bid
          -1.9207931757040910e+00  -1.8843750000000000e+01   3.7500000000000000e-01 #xyz tv0
          -2.0108878611096879e+00  -2.0000000000000000e+01   6.4948774005486964e-01 #xyz tv1
          -1.5496672512002418e+00  -1.9306402940197071e+01   2.9157791081935419e-01 #xyz tv2
          -2.1990328122129714e+00  -1.8843750000000000e+01   3.4027777777777779e-01 -1 935 #xyz tv3 fid bid
          -2.8415863514081821e+00  -1.7687500000000004e+01   7.5000000000000000e-01 #xyz tv0
          -1.6831727028163641e+00  -2.0000000000000000e+01   1.5000000000000000e+00 #xyz tv1
          -1.9207931757040910e+00  -1.8843750000000000e+01   3.7500000000000000e-01 #xyz tv2
          -2.1990328122129714e+00  -1.8843750000000000e+01   3.4027777777777779e-01 -1 935 #xyz tv3 fid bid
          -1.9207931757040910e+00  -1.8843750000000000e+01   3.7500000000000000e-01 #xyz tv0
          -1.6831727028163641e+00  -2.0000000000000000e+01   1.5000000000000000e+00 #xyz tv1
          -2.0108878611096879e+00  -2.0000000000000000e+01   6.4948774005486964e-01 #xyz tv2
          -2.1990328122129714e+00  -1.8843750000000000e+01   3.4027777777777779e-01 -1 935 #xyz tv3 fid bid
          -1.9207931757040910e+00  -1.8843750000000000e+01   3.7500000000000000e-01 #xyz ev0
          -2.1990328122129714e+00  -1.8843750000000000e+01   3.4027777777777779e-01 -1 935 #xyz ev1 fid bid
   0   0.000000000000e+00   0.000000000000e+00   0.000000000000e+00 #flag location
END_ERR 
BEGIN_ERR 
26 Small mesh segment detected on body : substrate
 Small mesh segment detected on body : substrate 
 Segment Statistics - Number of Segments : 1 --- Segment length(s) : 0.284263mm. The cutoff frequency for S-Matrix Only Solve is 2.49827048333333MHz 
1 -1  # nfids, fids[]
1 1364  # nbids, bids[]
      5 0 1 0 #ntets ntri ned npts
           1.1579524177872180e+00  -1.9170252187995693e+01  -1.7587708259136836e-01 #xyz tv0
           1.3774330607565779e+00  -1.9613681624526009e+01   0.0000000000000000e+00 #xyz tv1
           8.8886379581054231e-01  -1.9492224278841171e+01  -3.2632634413058381e-01 #xyz tv2
           1.0000000000000000e+00  -1.9328125000000000e+01   0.0000000000000000e+00 -1 1364 #xyz tv3 fid bid
           4.8037965309618441e-01  -1.8995780671896604e+01  -3.8747656248749207e-01 #xyz tv0
           1.0000000000000000e+00  -1.9328125000000000e+01   0.0000000000000000e+00 #xyz tv1
           1.1579524177872180e+00  -1.9170252187995693e+01  -1.7587708259136836e-01 #xyz tv2
           8.8886379581054231e-01  -1.9492224278841171e+01  -3.2632634413058381e-01 -1 1364 #xyz tv3 fid bid
           1.3598635631864626e+00  -1.9018967649378229e+01   0.0000000000000000e+00 #xyz tv0
           1.3774330607565779e+00  -1.9613681624526009e+01   0.0000000000000000e+00 #xyz tv1
           1.1579524177872180e+00  -1.9170252187995693e+01  -1.7587708259136836e-01 #xyz tv2
           1.0000000000000000e+00  -1.9328125000000000e+01   0.0000000000000000e+00 -1 1364 #xyz tv3 fid bid
           4.8037965309618441e-01  -1.8995780671896604e+01  -3.8747656248749207e-01 #xyz tv0
           1.1579524177872180e+00  -1.9170252187995693e+01  -1.7587708259136836e-01 #xyz tv1
           1.0000000000000000e+00  -1.9328125000000000e+01   0.0000000000000000e+00 #xyz tv2
           1.0000000000000000e+00  -1.8656250000000000e+01   0.0000000000000000e+00 -1 1364 #xyz tv3 fid bid
           1.3598635631864626e+00  -1.9018967649378229e+01   0.0000000000000000e+00 #xyz tv0
           1.0000000000000000e+00  -1.9328125000000000e+01   0.0000000000000000e+00 #xyz tv1
           1.1579524177872180e+00  -1.9170252187995693e+01  -1.7587708259136836e-01 #xyz tv2
           1.0000000000000000e+00  -1.8656250000000000e+01   0.0000000000000000e+00 -1 1364 #xyz tv3 fid bid
           1.1579524177872180e+00  -1.9170252187995693e+01  -1.7587708259136836e-01 #xyz ev0
           1.0000000000000000e+00  -1.9328125000000000e+01   0.0000000000000000e+00 -1 1364 #xyz ev1 fid bid
   0   0.000000000000e+00   0.000000000000e+00   0.000000000000e+00 #flag location
END_ERR 
G3dErrFileVersion 2018P3.1
FlagFileMetaData Begin
   Mesh Size - Setup1, Refinement, Pass #4, Freq. 2.450000e+09 :Title    
   Listing of mesh elements with small segments. :ToolTip  
   hf3d :Author   
   1667773348 :TimeStamp
FlagFileMetaData End
BEGIN_ERR 
26 Small mesh segment detected on body : AIR
 Small mesh segment detected on body : AIR 
 Segment Statistics - Number of Segments : 1 --- Segment length(s) : 0.280398mm. The cutoff frequency for S-Matrix Only Solve is 2.49827048333333MHz 
1 -1  # nfids, fids[]
1 935  # nbids, bids[]
      5 0 1 0 #ntets ntri ned npts
          -1.5496672512002418e+00  -1.9306402940197071e+01   2.9157791081935419e-01 #xyz tv0
          -2.1953125000000000e+00  -1.8843750000000000e+01   0.0000000000000000e+00 #xyz tv1
          -1.9207931757040910e+00  -1.8843750000000000e+01   3.7500000000000000e-01 #xyz tv2
          -2.1990328122129714e+00  -1.8843750000000000e+01   3.4027777777777779e-01 -1 935 #xyz tv3 fid bid
          -2.1953125000000000e+00  -1.8843750000000000e+01   0.0000000000000000e+00 #xyz tv0
          -2.8415863514081821e+00  -1.7687500000000004e+01   7.5000000000000000e-01 #xyz tv1
          -1.9207931757040910e+00  -1.8843750000000000e+01   3.7500000000000000e-01 #xyz tv2
          -2.1990328122129714e+00  -1.8843750000000000e+01   3.4027777777777779e-01 -1 935 #xyz tv3 fid bid
          -1.9207931757040910e+00  -1.8843750000000000e+01   3.7500000000000000e-01 #xyz tv0
          -2.0108878611096879e+00  -2.0000000000000000e+01   6.4948774005486964e-01 #xyz tv1
          -1.5496672512002418e+00  -1.9306402940197071e+01   2.9157791081935419e-01 #xyz tv2
          -2.1990328122129714e+00  -1.8843750000000000e+01   3.4027777777777779e-01 -1 935 #xyz tv3 fid bid
          -2.8415863514081821e+00  -1.7687500000000004e+01   7.5000000000000000e-01 #xyz tv0
          -1.6831727028163641e+00  -2.0000000000000000e+01   1.5000000000000000e+00 #xyz tv1
          -1.9207931757040910e+00  -1.8843750000000000e+01   3.7500000000000000e-01 #xyz tv2
          -2.1990328122129714e+00  -1.8843750000000000e+01   3.4027777777777779e-01 -1 935 #xyz tv3 fid bid
          -1.9207931757040910e+00  -1.8843750000000000e+01   3.7500000000000000e-01 #xyz tv0
          -1.6831727028163641e+00  -2.0000000000000000e+01   1.5000000000000000e+00 #xyz tv1
          -2.0108878611096879e+00  -2.0000000000000000e+01   6.4948774005486964e-01 #xyz tv2
          -2.1990328122129714e+00  -1.8843750000000000e+01   3.4027777777777779e-01 -1 935 #xyz tv3 fid bid
          -1.9207931757040910e+00  -1.8843750000000000e+01   3.7500000000000000e-01 #xyz ev0
          -2.1990328122129714e+00  -1.8843750000000000e+01   3.4027777777777779e-01 -1 935 #xyz ev1 fid bid
   0   0.000000000000e+00   0.000000000000e+00   0.000000000000e+00 #flag location
END_ERR 
BEGIN_ERR 
26 Small mesh segment detected on body : substrate
 Small mesh segment detected on body : substrate 
 Segment Statistics - Number of Segments : 1 --- Segment length(s) : 0.284263mm. The cutoff frequency for S-Matrix Only Solve is 2.49827048333333MHz 
1 -1  # nfids, fids[]
1 1364  # nbids, bids[]
      5 0 1 0 #ntets ntri ned npts
           1.1579524177872180e+00  -1.9170252187995693e+01  -1.7587708259136836e-01 #xyz tv0
           1.3774330607565779e+00  -1.9613681624526009e+01   0.0000000000000000e+00 #xyz tv1
           8.8886379581054231e-01  -1.9492224278841171e+01  -3.2632634413058381e-01 #xyz tv2
           1.0000000000000000e+00  -1.9328125000000000e+01   0.0000000000000000e+00 -1 1364 #xyz tv3 fid bid
           4.8037965309618441e-01  -1.8995780671896604e+01  -3.8747656248749207e-01 #xyz tv0
           1.0000000000000000e+00  -1.9328125000000000e+01   0.0000000000000000e+00 #xyz tv1
           1.1579524177872180e+00  -1.9170252187995693e+01  -1.7587708259136836e-01 #xyz tv2
           8.8886379581054231e-01  -1.9492224278841171e+01  -3.2632634413058381e-01 -1 1364 #xyz tv3 fid bid
           1.3598635631864626e+00  -1.9018967649378229e+01   0.0000000000000000e+00 #xyz tv0
           1.3774330607565779e+00  -1.9613681624526009e+01   0.0000000000000000e+00 #xyz tv1
           1.1579524177872180e+00  -1.9170252187995693e+01  -1.7587708259136836e-01 #xyz tv2
           1.0000000000000000e+00  -1.9328125000000000e+01   0.0000000000000000e+00 -1 1364 #xyz tv3 fid bid
           4.8037965309618441e-01  -1.8995780671896604e+01  -3.8747656248749207e-01 #xyz tv0
           1.1579524177872180e+00  -1.9170252187995693e+01  -1.7587708259136836e-01 #xyz tv1
           1.0000000000000000e+00  -1.9328125000000000e+01   0.0000000000000000e+00 #xyz tv2
           1.0000000000000000e+00  -1.8656250000000000e+01   0.0000000000000000e+00 -1 1364 #xyz tv3 fid bid
           1.3598635631864626e+00  -1.9018967649378229e+01   0.0000000000000000e+00 #xyz tv0
           1.0000000000000000e+00  -1.9328125000000000e+01   0.0000000000000000e+00 #xyz tv1
           1.1579524177872180e+00  -1.9170252187995693e+01  -1.7587708259136836e-01 #xyz tv2
           1.0000000000000000e+00  -1.8656250000000000e+01   0.0000000000000000e+00 -1 1364 #xyz tv3 fid bid
           1.1579524177872180e+00  -1.9170252187995693e+01  -1.7587708259136836e-01 #xyz ev0
           1.0000000000000000e+00  -1.9328125000000000e+01   0.0000000000000000e+00 -1 1364 #xyz ev1 fid bid
   0   0.000000000000e+00   0.000000000000e+00   0.000000000000e+00 #flag location
END_ERR 
G3dErrFileVersion 2018P3.1
FlagFileMetaData Begin
   Mesh Size - Setup1, Refinement, Pass #5, Freq. 2.450000e+09 :Title    
   Listing of mesh elements with small segments. :ToolTip  
   hf3d :Author   
   1667773351 :TimeStamp
FlagFileMetaData End
BEGIN_ERR 
26 Small mesh segment detected on body : substrate
 Small mesh segment detected on body : substrate 
 Segment Statistics - Number of Segments : 1 --- Segment length(s) : 0.180544mm. The cutoff frequency for S-Matrix Only Solve is 2.49827048333333MHz 
1 -1  # nfids, fids[]
1 1364  # nbids, bids[]
      5 0 1 0 #ntets ntri ned npts
          -9.1856647716936635e-01  -1.9710230553249652e+01  -2.2795381678201029e-01 #xyz tv0
          -1.2253805533561923e+00  -1.9828016298325267e+01  -2.0273638376806452e-01 #xyz tv1
          -1.2017279480818903e+00  -2.0000000000000000e+01  -2.5231875157470396e-01 #xyz tv2
          -1.0701231452462858e+00  -1.9664184846188519e+01  -4.9259881767913849e-01 -1 1364 #xyz tv3 fid bid
          -9.1856647716936635e-01  -1.9710230553249652e+01  -2.2795381678201029e-01 #xyz tv0
          -1.2017279480818903e+00  -2.0000000000000000e+01  -2.5231875157470396e-01 #xyz tv1
          -1.2253805533561923e+00  -1.9828016298325267e+01  -2.0273638376806452e-01 #xyz tv2
          -1.0000000000000000e+00  -2.0000000000000000e+01   0.0000000000000000e+00 -1 1364 #xyz tv3 fid bid
          -1.4547492445711625e+00  -2.0000000000000000e+01  -5.1988851095993949e-01 #xyz tv0
          -1.0701231452462858e+00  -1.9664184846188519e+01  -4.9259881767913849e-01 #xyz tv1
          -1.2017279480818903e+00  -2.0000000000000000e+01  -2.5231875157470396e-01 #xyz tv2
          -1.2253805533561923e+00  -1.9828016298325267e+01  -2.0273638376806452e-01 -1 1364 #xyz tv3 fid bid
          -1.2017279480818903e+00  -2.0000000000000000e+01  -2.5231875157470396e-01 #xyz tv0
          -1.4595947265625000e+00  -2.0000000000000000e+01   0.0000000000000000e+00 #xyz tv1
          -1.2253805533561923e+00  -1.9828016298325267e+01  -2.0273638376806452e-01 #xyz tv2
          -1.0000000000000000e+00  -2.0000000000000000e+01   0.0000000000000000e+00 -1 1364 #xyz tv3 fid bid
          -1.2017279480818903e+00  -2.0000000000000000e+01  -2.5231875157470396e-01 #xyz tv0
          -1.2253805533561923e+00  -1.9828016298325267e+01  -2.0273638376806452e-01 #xyz tv1
          -1.4595947265625000e+00  -2.0000000000000000e+01   0.0000000000000000e+00 #xyz tv2
          -1.4547492445711625e+00  -2.0000000000000000e+01  -5.1988851095993949e-01 -1 1364 #xyz tv3 fid bid
          -1.2253805533561923e+00  -1.9828016298325267e+01  -2.0273638376806452e-01 #xyz ev0
          -1.2017279480818903e+00  -2.0000000000000000e+01  -2.5231875157470396e-01 -1 1364 #xyz ev1 fid bid
   0   0.000000000000e+00   0.000000000000e+00   0.000000000000e+00 #flag location
END_ERR 
BEGIN_ERR 
26 Small mesh segment detected on body : substrate
 Small mesh segment detected on body : substrate 
 Segment Statistics - Number of Segments : 1 --- Segment length(s) : 0.189986mm. The cutoff frequency for S-Matrix Only Solve is 2.49827048333333MHz 
1 -1  # nfids, fids[]
1 1364  # nbids, bids[]
      5 0 1 0 #ntets ntri ned npts
          -1.4628452282256927e+00  -1.9469087051427099e+01  -4.0048456801678356e-01 #xyz tv0
          -1.1375650506139796e+00  -1.9573031034533219e+01  -1.5965996055545395e-01 #xyz tv1
          -1.2195457606509039e+00  -1.9635340424750151e+01   0.0000000000000000e+00 #xyz tv2
          -1.4219298778177358e+00  -1.9225155584031455e+01   0.0000000000000000e+00 -1 1364 #xyz tv3 fid bid
          -1.4628452282256927e+00  -1.9469087051427099e+01  -4.0048456801678356e-01 #xyz tv0
          -1.2195457606509039e+00  -1.9635340424750151e+01   0.0000000000000000e+00 #xyz tv1
          -1.1375650506139796e+00  -1.9573031034533219e+01  -1.5965996055545395e-01 #xyz tv2
          -1.2253805533561923e+00  -1.9828016298325267e+01  -2.0273638376806452e-01 -1 1364 #xyz tv3 fid bid
          -1.2195457606509039e+00  -1.9635340424750151e+01   0.0000000000000000e+00 #xyz tv0
          -1.1375650506139796e+00  -1.9573031034533219e+01  -1.5965996055545395e-01 #xyz tv1
          -1.0000000000000000e+00  -1.9328125000000000e+01   0.0000000000000000e+00 #xyz tv2
          -1.4219298778177358e+00  -1.9225155584031455e+01   0.0000000000000000e+00 -1 1364 #xyz tv3 fid bid
          -1.2195457606509039e+00  -1.9635340424750151e+01   0.0000000000000000e+00 #xyz tv0
          -1.1375650506139796e+00  -1.9573031034533219e+01  -1.5965996055545395e-01 #xyz tv1
          -1.2253805533561923e+00  -1.9828016298325267e+01  -2.0273638376806452e-01 #xyz tv2
          -1.0000000000000000e+00  -2.0000000000000000e+01   0.0000000000000000e+00 -1 1364 #xyz tv3 fid bid
          -1.2195457606509039e+00  -1.9635340424750151e+01   0.0000000000000000e+00 #xyz tv0
          -1.0000000000000000e+00  -1.9328125000000000e+01   0.0000000000000000e+00 #xyz tv1
          -1.1375650506139796e+00  -1.9573031034533219e+01  -1.5965996055545395e-01 #xyz tv2
          -1.0000000000000000e+00  -2.0000000000000000e+01   0.0000000000000000e+00 -1 1364 #xyz tv3 fid bid
          -1.2195457606509039e+00  -1.9635340424750151e+01   0.0000000000000000e+00 #xyz ev0
          -1.1375650506139796e+00  -1.9573031034533219e+01  -1.5965996055545395e-01 -1 1364 #xyz ev1 fid bid
   0   0.000000000000e+00   0.000000000000e+00   0.000000000000e+00 #flag location
END_ERR 
G3dErrFileVersion 2018P3.1
FlagFileMetaData Begin
   Mesh Size - Setup1, Refinement, Pass #1, Freq. 2.450000e+09 :Title    
   Listing of mesh elements with small segments. :ToolTip  
   hf3d :Author   
   1667773525 :TimeStamp
FlagFileMetaData End
BEGIN_ERR 
26 Small mesh segment detected on body : muscle
 Small mesh segment detected on body : muscle 
 Segment Statistics - Number of Segments : 1 --- Segment length(s) : 9.353512mm. The cutoff frequency for S-Matrix Only Solve is 2.49827048333333MHz 
2 -1  64  # nfids, fids[]
2 62  -1  # nbids, bids[]
      5 2 1 0 #ntets ntri ned npts
           4.1681978437505165e+01   1.5834759404354651e+01  -3.7593653184204861e+01 #xyz tv0
           4.5000000000000000e+01   2.0000000000000000e+01  -4.1000000000000000e+01 #xyz tv1
           4.4405460919209361e+01   1.0665402993232172e+01  -4.1000000000000000e+01 #xyz tv2
           4.5891741087877037e+01   1.5875886974235788e+01  -3.6597733476792882e+01 -1 62 #xyz tv3 fid bid
           4.8650195260049173e+01   1.6415762487541265e+01  -4.1000000000000000e+01 #xyz tv0
           4.5891741087877037e+01   1.5875886974235788e+01  -3.6597733476792882e+01 #xyz tv1
           4.4405460919209361e+01   1.0665402993232172e+01  -4.1000000000000000e+01 #xyz tv2
           4.5000000000000000e+01   2.0000000000000000e+01  -4.1000000000000000e+01 -1 62 #xyz tv3 fid bid
           4.1681978437505165e+01   1.5834759404354651e+01  -3.7593653184204861e+01 #xyz tv0
           4.4405460919209361e+01   1.0665402993232172e+01  -4.1000000000000000e+01 #xyz tv1
           4.5000000000000000e+01   2.0000000000000000e+01  -4.1000000000000000e+01 #xyz tv2
           3.7260857154401108e+01   1.5162137961276207e+01  -4.1000000000000000e+01 -1 62 #xyz tv3 fid bid
           4.8650195260049173e+01   1.6415762487541265e+01  -4.1000000000000000e+01 #xyz tv0
           4.4405460919209361e+01   1.0665402993232172e+01  -4.1000000000000000e+01 #xyz tv1
           4.9500000000000000e+01   5.5000000000000000e+00  -4.9714285714285715e+01 #xyz tv2
           4.5000000000000000e+01   2.0000000000000000e+01  -4.1000000000000000e+01 -1 62 #xyz tv3 fid bid
           4.9500000000000000e+01   5.5000000000000000e+00  -4.9714285714285715e+01 #xyz tv0
           3.7260857154401108e+01   1.5162137961276207e+01  -4.1000000000000000e+01 #xyz tv1
           4.5000000000000000e+01   2.0000000000000000e+01  -4.1000000000000000e+01 #xyz tv2
           4.4405460919209361e+01   1.0665402993232172e+01  -4.1000000000000000e+01 -1 62 #xyz tv3 fid bid
           4.4405460919209361e+01   1.0665402993232172e+01  -4.1000000000000000e+01 #xyz tv0
           3.7260857154401108e+01   1.5162137961276207e+01  -4.1000000000000000e+01 #xyz tv1
           4.5000000000000000e+01   2.0000000000000000e+01  -4.1000000000000000e+01 64 -1 #xyz tv2 fid bid
           4.5000000000000000e+01   2.0000000000000000e+01  -4.1000000000000000e+01 #xyz tv0
           4.8650195260049173e+01   1.6415762487541265e+01  -4.1000000000000000e+01 #xyz tv1
           4.4405460919209361e+01   1.0665402993232172e+01  -4.1000000000000000e+01 64 -1 #xyz tv2 fid bid
           4.5000000000000000e+01   2.0000000000000000e+01  -4.1000000000000000e+01 #xyz ev0
           4.4405460919209361e+01   1.0665402993232172e+01  -4.1000000000000000e+01 -1 62 #xyz ev1 fid bid
   0   0.000000000000e+00   0.000000000000e+00   0.000000000000e+00 #flag location
END_ERR 
G3dErrFileVersion 2018P3.1
FlagFileMetaData Begin
   Mesh Size - Setup1, Refinement, Pass #2, Freq. 2.450000e+09 :Title    
   Listing of mesh elements with small segments. :ToolTip  
   hf3d :Author   
   1667773527 :TimeStamp
FlagFileMetaData End
BEGIN_ERR 
26 Small mesh segment detected on body : muscle
 Small mesh segment detected on body : muscle 
 Segment Statistics - Number of Segments : 1 --- Segment length(s) : 9.353512mm. The cutoff frequency for S-Matrix Only Solve is 2.49827048333333MHz 
2 -1  64  # nfids, fids[]
2 62  -1  # nbids, bids[]
      5 2 1 0 #ntets ntri ned npts
           4.1681978437505165e+01   1.5834759404354651e+01  -3.7593653184204861e+01 #xyz tv0
           4.5000000000000000e+01   2.0000000000000000e+01  -4.1000000000000000e+01 #xyz tv1
           4.4405460919209361e+01   1.0665402993232172e+01  -4.1000000000000000e+01 #xyz tv2
           4.5891741087877037e+01   1.5875886974235788e+01  -3.6597733476792882e+01 -1 62 #xyz tv3 fid bid
           4.8650195260049173e+01   1.6415762487541265e+01  -4.1000000000000000e+01 #xyz tv0
           4.5891741087877037e+01   1.5875886974235788e+01  -3.6597733476792882e+01 #xyz tv1
           4.4405460919209361e+01   1.0665402993232172e+01  -4.1000000000000000e+01 #xyz tv2
           4.5000000000000000e+01   2.0000000000000000e+01  -4.1000000000000000e+01 -1 62 #xyz tv3 fid bid
           4.1681978437505165e+01   1.5834759404354651e+01  -3.7593653184204861e+01 #xyz tv0
           4.4405460919209361e+01   1.0665402993232172e+01  -4.1000000000000000e+01 #xyz tv1
           4.5000000000000000e+01   2.0000000000000000e+01  -4.1000000000000000e+01 #xyz tv2
           3.7260857154401108e+01   1.5162137961276207e+01  -4.1000000000000000e+01 -1 62 #xyz tv3 fid bid
           4.8650195260049173e+01   1.6415762487541265e+01  -4.1000000000000000e+01 #xyz tv0
           4.4405460919209361e+01   1.0665402993232172e+01  -4.1000000000000000e+01 #xyz tv1
           4.9500000000000000e+01   5.5000000000000000e+00  -4.9714285714285715e+01 #xyz tv2
           4.5000000000000000e+01   2.0000000000000000e+01  -4.1000000000000000e+01 -1 62 #xyz tv3 fid bid
           4.9500000000000000e+01   5.5000000000000000e+00  -4.9714285714285715e+01 #xyz tv0
           3.7260857154401108e+01   1.5162137961276207e+01  -4.1000000000000000e+01 #xyz tv1
           4.5000000000000000e+01   2.0000000000000000e+01  -4.1000000000000000e+01 #xyz tv2
           4.4405460919209361e+01   1.0665402993232172e+01  -4.1000000000000000e+01 -1 62 #xyz tv3 fid bid
           4.4405460919209361e+01   1.0665402993232172e+01  -4.1000000000000000e+01 #xyz tv0
           3.7260857154401108e+01   1.5162137961276207e+01  -4.1000000000000000e+01 #xyz tv1
           4.5000000000000000e+01   2.0000000000000000e+01  -4.1000000000000000e+01 64 -1 #xyz tv2 fid bid
           4.5000000000000000e+01   2.0000000000000000e+01  -4.1000000000000000e+01 #xyz tv0
           4.8650195260049173e+01   1.6415762487541265e+01  -4.1000000000000000e+01 #xyz tv1
           4.4405460919209361e+01   1.0665402993232172e+01  -4.1000000000000000e+01 64 -1 #xyz tv2 fid bid
           4.5000000000000000e+01   2.0000000000000000e+01  -4.1000000000000000e+01 #xyz ev0
           4.4405460919209361e+01   1.0665402993232172e+01  -4.1000000000000000e+01 -1 62 #xyz ev1 fid bid
   0   0.000000000000e+00   0.000000000000e+00   0.000000000000e+00 #flag location
END_ERR 
G3dErrFileVersion 2018P3.1
FlagFileMetaData Begin
   Mesh Size - Setup1, Refinement, Pass #3, Freq. 2.450000e+09 :Title    
   Listing of mesh elements with small segments. :ToolTip  
   hf3d :Author   
   1667773529 :TimeStamp
FlagFileMetaData End
BEGIN_ERR 
26 Small mesh segment detected on body : substrate
 Small mesh segment detected on body : substrate 
 Segment Statistics - Number of Segments : 1 --- Segment length(s) : 0.339392mm. The cutoff frequency for S-Matrix Only Solve is 2.49827048333333MHz 
1 -1  # nfids, fids[]
1 1364  # nbids, bids[]
      4 0 1 0 #ntets ntri ned npts
          -1.1875000000000000e+00  -1.9328125000000000e+01  -2.5000000000000000e-01 #xyz tv0
          -1.5492588149862614e+00  -1.8804179278806316e+01  -1.0000000000000000e+00 #xyz tv1
          -8.7049664888760092e-01  -1.9404981651138094e+01  -3.4375000000000000e-01 #xyz tv2
          -1.0000000000000000e+00  -1.8656250000000000e+01   0.0000000000000000e+00 -1 1364 #xyz tv3 fid bid
          -1.1875000000000000e+00  -1.9328125000000000e+01  -2.5000000000000000e-01 #xyz tv0
          -8.7049664888760092e-01  -1.9404981651138094e+01  -3.4375000000000000e-01 #xyz tv1
          -1.5492588149862614e+00  -1.8804179278806316e+01  -1.0000000000000000e+00 #xyz tv2
          -1.3750000000000000e+00  -2.0000000000000000e+01  -5.0000000000000000e-01 -1 1364 #xyz tv3 fid bid
          -1.1875000000000000e+00  -1.9328125000000000e+01  -2.5000000000000000e-01 #xyz tv0
          -8.7049664888760092e-01  -1.9404981651138094e+01  -3.4375000000000000e-01 #xyz tv1
          -1.0000000000000000e+00  -2.0000000000000000e+01   0.0000000000000000e+00 #xyz tv2
          -1.0000000000000000e+00  -1.8656250000000000e+01   0.0000000000000000e+00 -1 1364 #xyz tv3 fid bid
          -1.1875000000000000e+00  -1.9328125000000000e+01  -2.5000000000000000e-01 #xyz tv0
          -1.0000000000000000e+00  -2.0000000000000000e+01   0.0000000000000000e+00 #xyz tv1
          -8.7049664888760092e-01  -1.9404981651138094e+01  -3.4375000000000000e-01 #xyz tv2
          -1.3750000000000000e+00  -2.0000000000000000e+01  -5.0000000000000000e-01 -1 1364 #xyz tv3 fid bid
          -8.7049664888760092e-01  -1.9404981651138094e+01  -3.4375000000000000e-01 #xyz ev0
          -1.1875000000000000e+00  -1.9328125000000000e+01  -2.5000000000000000e-01 -1 1364 #xyz ev1 fid bid
   0   0.000000000000e+00   0.000000000000e+00   0.000000000000e+00 #flag location
END_ERR 
G3dErrFileVersion 2018P3.1
FlagFileMetaData Begin
   Mesh Size - Setup1, Refinement, Pass #4, Freq. 2.450000e+09 :Title    
   Listing of mesh elements with small segments. :ToolTip  
   hf3d :Author   
   1667773532 :TimeStamp
FlagFileMetaData End
BEGIN_ERR 
26 Small mesh segment detected on body : substrate
 Small mesh segment detected on body : substrate 
 Segment Statistics - Number of Segments : 1 --- Segment length(s) : 0.228439mm. The cutoff frequency for S-Matrix Only Solve is 2.49827048333333MHz 
1 -1  # nfids, fids[]
1 1364  # nbids, bids[]
      5 0 1 0 #ntets ntri ned npts
           1.6146551399484661e+00  -1.7246121426890333e+01   0.0000000000000000e+00 #xyz tv0
           1.0000000000000000e+00  -1.7139282226562500e+01   0.0000000000000000e+00 #xyz tv1
           1.2721844082787928e+00  -1.7748217910284470e+01  -5.0000000000000000e-01 #xyz tv2
           1.6229284019173309e+00  -1.7211342518458615e+01  -2.2562476761024897e-01 -1 1364 #xyz tv3 fid bid
           1.6146551399484661e+00  -1.7246121426890333e+01   0.0000000000000000e+00 #xyz tv0
           1.2721844082787928e+00  -1.7748217910284470e+01  -5.0000000000000000e-01 #xyz tv1
           1.7121383100195320e+00  -1.7797813223458590e+01  -3.3528280027126800e-01 #xyz tv2
           1.6229284019173309e+00  -1.7211342518458615e+01  -2.2562476761024897e-01 -1 1364 #xyz tv3 fid bid
           1.6146551399484661e+00  -1.7246121426890333e+01   0.0000000000000000e+00 #xyz tv0
           1.6229284019173309e+00  -1.7211342518458615e+01  -2.2562476761024897e-01 #xyz tv1
           1.8559467848619047e+00  -1.6561066784357124e+01   0.0000000000000000e+00 #xyz tv2
           1.0000000000000000e+00  -1.7139282226562500e+01   0.0000000000000000e+00 -1 1364 #xyz tv3 fid bid
           1.6146551399484661e+00  -1.7246121426890333e+01   0.0000000000000000e+00 #xyz tv0
           1.7121383100195320e+00  -1.7797813223458590e+01  -3.3528280027126800e-01 #xyz tv1
           2.2293102798969322e+00  -1.7352960627218160e+01   0.0000000000000000e+00 #xyz tv2
           1.6229284019173309e+00  -1.7211342518458615e+01  -2.2562476761024897e-01 -1 1364 #xyz tv3 fid bid
           1.6146551399484661e+00  -1.7246121426890333e+01   0.0000000000000000e+00 #xyz tv0
           1.8559467848619047e+00  -1.6561066784357124e+01   0.0000000000000000e+00 #xyz tv1
           1.6229284019173309e+00  -1.7211342518458615e+01  -2.2562476761024897e-01 #xyz tv2
           2.2293102798969322e+00  -1.7352960627218160e+01   0.0000000000000000e+00 -1 1364 #xyz tv3 fid bid
           1.6146551399484661e+00  -1.7246121426890333e+01   0.0000000000000000e+00 #xyz ev0
           1.6229284019173309e+00  -1.7211342518458615e+01  -2.2562476761024897e-01 -1 1364 #xyz ev1 fid bid
   0   0.000000000000e+00   0.000000000000e+00   0.000000000000e+00 #flag location
END_ERR 
BEGIN_ERR 
26 Small mesh segment detected on body : substrate
 Small mesh segment detected on body : substrate 
 Segment Statistics - Number of Segments : 1 --- Segment length(s) : 0.312500mm. The cutoff frequency for S-Matrix Only Solve is 2.49827048333333MHz 
1 -1  # nfids, fids[]
1 1364  # nbids, bids[]
      6 0 1 0 #ntets ntri ned npts
          -1.0000000000000000e+00  -1.9328125000000000e+01   0.0000000000000000e+00 #xyz tv0
          -1.1875000000000000e+00  -1.9328125000000000e+01  -2.5000000000000000e-01 #xyz tv1
          -1.2187196165259127e+00  -1.9649011831210146e+01  -3.6173295682216172e-01 #xyz tv2
          -8.8634110192323845e-01  -1.9335377596683042e+01  -4.0595076547950171e-01 -1 1364 #xyz tv3 fid bid
          -1.6064002211128225e+00  -1.8825342028347450e+01   0.0000000000000000e+00 #xyz tv0
          -1.1875000000000000e+00  -1.9328125000000000e+01  -2.5000000000000000e-01 #xyz tv1
          -1.8305664062500000e+00  -1.9421875000000000e+01   0.0000000000000000e+00 #xyz tv2
          -1.0000000000000000e+00  -1.9328125000000000e+01   0.0000000000000000e+00 -1 1364 #xyz tv3 fid bid
          -1.1875000000000000e+00  -1.9328125000000000e+01  -2.5000000000000000e-01 #xyz tv0
          -1.0000000000000000e+00  -1.9328125000000000e+01   0.0000000000000000e+00 #xyz tv1
          -1.4101562500000000e+00  -2.0000000000000000e+01   0.0000000000000000e+00 #xyz tv2
          -1.8305664062500000e+00  -1.9421875000000000e+01   0.0000000000000000e+00 -1 1364 #xyz tv3 fid bid
          -1.0000000000000000e+00  -1.9328125000000000e+01   0.0000000000000000e+00 #xyz tv0
          -1.2187196165259127e+00  -1.9649011831210146e+01  -3.6173295682216172e-01 #xyz tv1
          -1.1875000000000000e+00  -1.9328125000000000e+01  -2.5000000000000000e-01 #xyz tv2
          -1.4101562500000000e+00  -2.0000000000000000e+01   0.0000000000000000e+00 -1 1364 #xyz tv3 fid bid
          -1.0000000000000000e+00  -1.8656250000000000e+01   0.0000000000000000e+00 #xyz tv0
          -8.8634110192323845e-01  -1.9335377596683042e+01  -4.0595076547950171e-01 #xyz tv1
