G3dErrFileVersion 2018P3.1
FlagFileMetaData Begin
   Mesh Size - Setup1, Refinement, Pass #1, Freq. 2.450000e+09 :Title    
   Listing of mesh elements with small segments. :ToolTip  
   hf3d :Author   
   1666655245 :TimeStamp
FlagFileMetaData End
BEGIN_ERR 
26 Small mesh segment detected on body : Antena_diel_6
 Small mesh segment detected on body : Antena_diel_6 
 Segment Statistics - Number of Segments : 1 --- Segment length(s) : 0.097545mm. The cutoff frequency for S-Matrix Only Solve is 1.199169832MHz 
2 -1  1194  # nfids, fids[]
2 1191  -1  # nbids, bids[]
      4 2 1 0 #ntets ntri ned npts
           8.1317280000000003e-01   1.4918682720000004e+02  -4.0000000000000000e+01 #xyz tv0
           7.3206696500000001e-01   1.4913263401000006e+02  -4.0000000000000000e+01 #xyz tv1
           1.9134171999999999e-01   1.4953806023000001e+02  -3.9260436872004874e+01 #xyz tv2
           1.2727922100000000e+00   1.4872720779000008e+02  -4.0000000000000000e+01 -1 1191 #xyz tv3 fid bid
           8.1317280000000003e-01   1.4918682720000004e+02  -4.0000000000000000e+01 #xyz tv0
           1.9134171999999999e-01   1.4953806023000001e+02  -3.9260436872004874e+01 #xyz tv1
           7.3206696500000001e-01   1.4913263401000006e+02  -4.0000000000000000e+01 #xyz tv2
           3.5355339000000002e-01   1.4964644661000000e+02  -4.0000000000000000e+01 -1 1191 #xyz tv3 fid bid
           8.1317280000000003e-01   1.4918682720000004e+02  -4.0000000000000000e+01 #xyz tv0
           3.8654920008915961e-01   1.4999224878171506e+02  -4.2412048511988161e+01 #xyz tv1
           7.3206696500000001e-01   1.4913263401000006e+02  -4.0000000000000000e+01 #xyz tv2
           1.2727922100000000e+00   1.4872720779000008e+02  -4.0000000000000000e+01 -1 1191 #xyz tv3 fid bid
           8.1317280000000003e-01   1.4918682720000004e+02  -4.0000000000000000e+01 #xyz tv0
           7.3206696500000001e-01   1.4913263401000006e+02  -4.0000000000000000e+01 #xyz tv1
           3.8654920008915961e-01   1.4999224878171506e+02  -4.2412048511988161e+01 #xyz tv2
           3.5355339000000002e-01   1.4964644661000000e+02  -4.0000000000000000e+01 -1 1191 #xyz tv3 fid bid
           1.2727922100000000e+00   1.4872720779000008e+02  -4.0000000000000000e+01 #xyz tv0
           8.1317280000000003e-01   1.4918682720000004e+02  -4.0000000000000000e+01 #xyz tv1
           7.3206696500000001e-01   1.4913263401000006e+02  -4.0000000000000000e+01 1194 -1 #xyz tv2 fid bid
           8.1317280000000003e-01   1.4918682720000004e+02  -4.0000000000000000e+01 #xyz tv0
           3.5355339000000002e-01   1.4964644661000000e+02  -4.0000000000000000e+01 #xyz tv1
           7.3206696500000001e-01   1.4913263401000006e+02  -4.0000000000000000e+01 1194 -1 #xyz tv2 fid bid
           8.1317280000000003e-01   1.4918682720000004e+02  -4.0000000000000000e+01 #xyz ev0
           7.3206696500000001e-01   1.4913263401000006e+02  -4.0000000000000000e+01 -1 1191 #xyz ev1 fid bid
   0   0.000000000000e+00   0.000000000000e+00   0.000000000000e+00 #flag location
END_ERR 
BEGIN_ERR 
26 Small mesh segment detected on body : Antena_diel_6
 Small mesh segment detected on body : Antena_diel_6 
 Segment Statistics - Number of Segments : 1 --- Segment length(s) : 0.097545mm. The cutoff frequency for S-Matrix Only Solve is 1.199169832MHz 
2 -1  1194  # nfids, fids[]
2 1191  -1  # nbids, bids[]
      4 2 1 0 #ntets ntri ned npts
           8.1317280000000003e-01   1.5081317280000005e+02  -4.0000000000000000e+01 #xyz tv0
           1.9134171999999999e-01   1.5046193976999999e+02  -3.9509622346376950e+01 #xyz tv1
           7.3206696500000001e-01   1.5086736599000000e+02  -4.0000000000000000e+01 #xyz tv2
           1.2727922100000000e+00   1.5127279221000001e+02  -4.0000000000000000e+01 -1 1191 #xyz tv3 fid bid
           8.1317280000000003e-01   1.5081317280000005e+02  -4.0000000000000000e+01 #xyz tv0
           7.3206696500000001e-01   1.5086736599000000e+02  -4.0000000000000000e+01 #xyz tv1
           3.8654920008915961e-01   1.4999224878171506e+02  -4.2412048511988161e+01 #xyz tv2
           1.2727922100000000e+00   1.5127279221000001e+02  -4.0000000000000000e+01 -1 1191 #xyz tv3 fid bid
           8.1317280000000003e-01   1.5081317280000005e+02  -4.0000000000000000e+01 #xyz tv0
           3.8654920008915961e-01   1.4999224878171506e+02  -4.2412048511988161e+01 #xyz tv1
           7.3206696500000001e-01   1.5086736599000000e+02  -4.0000000000000000e+01 #xyz tv2
           3.5355339000000002e-01   1.5035355339000000e+02  -4.0000000000000000e+01 -1 1191 #xyz tv3 fid bid
           8.1317280000000003e-01   1.5081317280000005e+02  -4.0000000000000000e+01 #xyz tv0
           7.3206696500000001e-01   1.5086736599000000e+02  -4.0000000000000000e+01 #xyz tv1
           1.9134171999999999e-01   1.5046193976999999e+02  -3.9509622346376950e+01 #xyz tv2
           3.5355339000000002e-01   1.5035355339000000e+02  -4.0000000000000000e+01 -1 1191 #xyz tv3 fid bid
           3.5355339000000002e-01   1.5035355339000000e+02  -4.0000000000000000e+01 #xyz tv0
           8.1317280000000003e-01   1.5081317280000005e+02  -4.0000000000000000e+01 #xyz tv1
           7.3206696500000001e-01   1.5086736599000000e+02  -4.0000000000000000e+01 1194 -1 #xyz tv2 fid bid
           8.1317280000000003e-01   1.5081317280000005e+02  -4.0000000000000000e+01 #xyz tv0
           1.2727922100000000e+00   1.5127279221000001e+02  -4.0000000000000000e+01 #xyz tv1
           7.3206696500000001e-01   1.5086736599000000e+02  -4.0000000000000000e+01 1194 -1 #xyz tv2 fid bid
           8.1317280000000003e-01   1.5081317280000005e+02  -4.0000000000000000e+01 #xyz ev0
           7.3206696500000001e-01   1.5086736599000000e+02  -4.0000000000000000e+01 -1 1191 #xyz ev1 fid bid
   0   0.000000000000e+00   0.000000000000e+00   0.000000000000e+00 #flag location
END_ERR 
BEGIN_ERR 
26 Small mesh segment detected on body : Antena_diel_6
 Small mesh segment detected on body : Antena_diel_6 
 Segment Statistics - Number of Segments : 1 --- Segment length(s) : 0.097545mm. The cutoff frequency for S-Matrix Only Solve is 1.199169832MHz 
2 -1  1194  # nfids, fids[]
2 1191  -1  # nbids, bids[]
      4 2 1 0 #ntets ntri ned npts
           8.1317280000000003e-01   1.5081317280000005e+02  -4.0000000000000000e+01 #xyz tv0
           8.6736599000000014e-01   1.5073206696500000e+02  -4.0000000000000000e+01 #xyz tv1
           3.5355339000000002e-01   1.5035355339000000e+02  -3.9667571244490041e+01 #xyz tv2
           1.2727922100000000e+00   1.5127279221000001e+02  -4.0000000000000000e+01 -1 1191 #xyz tv3 fid bid
           8.1317280000000003e-01   1.5081317280000005e+02  -4.0000000000000000e+01 #xyz tv0
           3.5355339000000002e-01   1.5035355339000000e+02  -3.9667571244490041e+01 #xyz tv1
           8.6736599000000014e-01   1.5073206696500000e+02  -4.0000000000000000e+01 #xyz tv2
           3.5355339000000002e-01   1.5035355339000000e+02  -4.0000000000000000e+01 -1 1191 #xyz tv3 fid bid
           8.1317280000000003e-01   1.5081317280000005e+02  -4.0000000000000000e+01 #xyz tv0
           3.8654920008915961e-01   1.4999224878171506e+02  -4.2412048511988161e+01 #xyz tv1
           8.6736599000000014e-01   1.5073206696500000e+02  -4.0000000000000000e+01 #xyz tv2
           1.2727922100000000e+00   1.5127279221000001e+02  -4.0000000000000000e+01 -1 1191 #xyz tv3 fid bid
           8.1317280000000003e-01   1.5081317280000005e+02  -4.0000000000000000e+01 #xyz tv0
           8.6736599000000014e-01   1.5073206696500000e+02  -4.0000000000000000e+01 #xyz tv1
           3.8654920008915961e-01   1.4999224878171506e+02  -4.2412048511988161e+01 #xyz tv2
           3.5355339000000002e-01   1.5035355339000000e+02  -4.0000000000000000e+01 -1 1191 #xyz tv3 fid bid
           1.2727922100000000e+00   1.5127279221000001e+02  -4.0000000000000000e+01 #xyz tv0
           8.1317280000000003e-01   1.5081317280000005e+02  -4.0000000000000000e+01 #xyz tv1
           8.6736599000000014e-01   1.5073206696500000e+02  -4.0000000000000000e+01 1194 -1 #xyz tv2 fid bid
           8.1317280000000003e-01   1.5081317280000005e+02  -4.0000000000000000e+01 #xyz tv0
           3.5355339000000002e-01   1.5035355339000000e+02  -4.0000000000000000e+01 #xyz tv1
           8.6736599000000014e-01   1.5073206696500000e+02  -4.0000000000000000e+01 1194 -1 #xyz tv2 fid bid
           8.1317280000000003e-01   1.5081317280000005e+02  -4.0000000000000000e+01 #xyz ev0
           8.6736599000000014e-01   1.5073206696500000e+02  -4.0000000000000000e+01 -1 1191 #xyz ev1 fid bid
   0   0.000000000000e+00   0.000000000000e+00   0.000000000000e+00 #flag location
END_ERR 
BEGIN_ERR 
26 Small mesh segment detected on body : Antena_diel_6
 Small mesh segment detected on body : Antena_diel_6 
 Segment Statistics - Number of Segments : 1 --- Segment length(s) : 0.097545mm. The cutoff frequency for S-Matrix Only Solve is 1.199169832MHz 
2 -1  1194  # nfids, fids[]
2 1191  -1  # nbids, bids[]
      4 2 1 0 #ntets ntri ned npts
          -8.6736599000000014e-01   1.4926793303500006e+02  -4.0000000000000000e+01 #xyz tv0
          -8.8639610499999999e-01   1.4936360389500004e+02  -4.0000000000000000e+01 #xyz tv1
          -5.0000000000000000e-01   1.5000000000000000e+02  -3.9374999999999993e+01 #xyz tv2
          -1.2727922100000000e+00   1.4872720779000008e+02  -4.0000000000000000e+01 -1 1191 #xyz tv3 fid bid
          -8.6736599000000014e-01   1.4926793303500006e+02  -4.0000000000000000e+01 #xyz tv0
          -5.0000000000000000e-01   1.5000000000000000e+02  -3.9374999999999993e+01 #xyz tv1
          -8.8639610499999999e-01   1.4936360389500004e+02  -4.0000000000000000e+01 #xyz tv2
          -4.6193977000000003e-01   1.4980865828000000e+02  -4.0000000000000000e+01 -1 1191 #xyz tv3 fid bid
          -8.6736599000000014e-01   1.4926793303500006e+02  -4.0000000000000000e+01 #xyz tv0
           3.8654920008915961e-01   1.4999224878171506e+02  -4.2412048511988161e+01 #xyz tv1
          -8.8639610499999999e-01   1.4936360389500004e+02  -4.0000000000000000e+01 #xyz tv2
          -1.2727922100000000e+00   1.4872720779000008e+02  -4.0000000000000000e+01 -1 1191 #xyz tv3 fid bid
          -8.6736599000000014e-01   1.4926793303500006e+02  -4.0000000000000000e+01 #xyz tv0
          -8.8639610499999999e-01   1.4936360389500004e+02  -4.0000000000000000e+01 #xyz tv1
           3.8654920008915961e-01   1.4999224878171506e+02  -4.2412048511988161e+01 #xyz tv2
          -4.6193977000000003e-01   1.4980865828000000e+02  -4.0000000000000000e+01 -1 1191 #xyz tv3 fid bid
          -1.2727922100000000e+00   1.4872720779000008e+02  -4.0000000000000000e+01 #xyz tv0
          -8.6736599000000014e-01   1.4926793303500006e+02  -4.0000000000000000e+01 #xyz tv1
          -8.8639610499999999e-01   1.4936360389500004e+02  -4.0000000000000000e+01 1194 -1 #xyz tv2 fid bid
          -8.6736599000000014e-01   1.4926793303500006e+02  -4.0000000000000000e+01 #xyz tv0
          -4.6193977000000003e-01   1.4980865828000000e+02  -4.0000000000000000e+01 #xyz tv1
          -8.8639610499999999e-01   1.4936360389500004e+02  -4.0000000000000000e+01 1194 -1 #xyz tv2 fid bid
          -8.6736599000000014e-01   1.4926793303500006e+02  -4.0000000000000000e+01 #xyz ev0
          -8.8639610499999999e-01   1.4936360389500004e+02  -4.0000000000000000e+01 -1 1191 #xyz ev1 fid bid
   0   0.000000000000e+00   0.000000000000e+00   0.000000000000e+00 #flag location
END_ERR 
BEGIN_ERR 
26 Small mesh segment detected on body : Antena_diel_6
 Small mesh segment detected on body : Antena_diel_6 
 Segment Statistics - Number of Segments : 1 --- Segment length(s) : 0.097545mm. The cutoff frequency for S-Matrix Only Solve is 1.199169832MHz 
2 -1  1194  # nfids, fids[]
2 1191  -1  # nbids, bids[]
      4 2 1 0 #ntets ntri ned npts
           1.0814915800000000e+00   1.4965558491000002e+02  -4.0000000000000000e+01 #xyz tv0
           4.6193977000000003e-01   1.5019134172000000e+02  -3.9654873299369129e+01 #xyz tv1
           1.0624614649999999e+00   1.4975125577000000e+02  -4.0000000000000000e+01 #xyz tv2
           1.6629831600000000e+00   1.4931116982000000e+02  -4.0000000000000000e+01 -1 1191 #xyz tv3 fid bid
           1.0814915800000000e+00   1.4965558491000002e+02  -4.0000000000000000e+01 #xyz tv0
           1.0624614649999999e+00   1.4975125577000000e+02  -4.0000000000000000e+01 #xyz tv1
           4.6193977000000003e-01   1.5019134172000000e+02  -3.9654873299369129e+01 #xyz tv2
           5.0000000000000000e-01   1.5000000000000000e+02  -4.0000000000000000e+01 -1 1191 #xyz tv3 fid bid
           1.0814915800000000e+00   1.4965558491000002e+02  -4.0000000000000000e+01 #xyz tv0
           1.0624614649999999e+00   1.4975125577000000e+02  -4.0000000000000000e+01 #xyz tv1
           3.8654920008915961e-01   1.4999224878171506e+02  -4.2412048511988161e+01 #xyz tv2
           1.6629831600000000e+00   1.4931116982000000e+02  -4.0000000000000000e+01 -1 1191 #xyz tv3 fid bid
           1.0814915800000000e+00   1.4965558491000002e+02  -4.0000000000000000e+01 #xyz tv0
           3.8654920008915961e-01   1.4999224878171506e+02  -4.2412048511988161e+01 #xyz tv1
           1.0624614649999999e+00   1.4975125577000000e+02  -4.0000000000000000e+01 #xyz tv2
           5.0000000000000000e-01   1.5000000000000000e+02  -4.0000000000000000e+01 -1 1191 #xyz tv3 fid bid
           5.0000000000000000e-01   1.5000000000000000e+02  -4.0000000000000000e+01 #xyz tv0
           1.0814915800000000e+00   1.4965558491000002e+02  -4.0000000000000000e+01 #xyz tv1
           1.0624614649999999e+00   1.4975125577000000e+02  -4.0000000000000000e+01 1194 -1 #xyz tv2 fid bid
           1.0814915800000000e+00   1.4965558491000002e+02  -4.0000000000000000e+01 #xyz tv0
           1.6629831600000000e+00   1.4931116982000000e+02  -4.0000000000000000e+01 #xyz tv1
           1.0624614649999999e+00   1.4975125577000000e+02  -4.0000000000000000e+01 1194 -1 #xyz tv2 fid bid
           1.0814915800000000e+00   1.4965558491000002e+02  -4.0000000000000000e+01 #xyz ev0
           1.0624614649999999e+00   1.4975125577000000e+02  -4.0000000000000000e+01 -1 1191 #xyz ev1 fid bid
   0   0.000000000000e+00   0.000000000000e+00   0.000000000000e+00 #flag location
END_ERR 
BEGIN_ERR 
26 Small mesh segment detected on body : Antena_diel_6
 Small mesh segment detected on body : Antena_diel_6 
 Segment Statistics - Number of Segments : 1 --- Segment length(s) : 0.097545mm. The cutoff frequency for S-Matrix Only Solve is 1.199169832MHz 
2 -1  1194  # nfids, fids[]
2 1191  -1  # nbids, bids[]
      4 2 1 0 #ntets ntri ned npts
           0.0000000000000000e+00   1.5115000000000001e+02  -4.0000000000000000e+01 #xyz tv0
           1.9134171999999999e-01   1.5046193976999999e+02  -3.9509622346376950e+01 #xyz tv1
           9.5670859999999996e-02   1.5113096988500001e+02  -4.0000000000000000e+01 #xyz tv2
           0.0000000000000000e+00   1.5050000000000000e+02  -4.0000000000000000e+01 -1 1191 #xyz tv3 fid bid
           0.0000000000000000e+00   1.5115000000000001e+02  -4.0000000000000000e+01 #xyz tv0
           9.5670859999999996e-02   1.5113096988500001e+02  -4.0000000000000000e+01 #xyz tv1
           3.8654920008915961e-01   1.4999224878171506e+02  -4.2412048511988161e+01 #xyz tv2
           0.0000000000000000e+00   1.5050000000000000e+02  -4.0000000000000000e+01 -1 1191 #xyz tv3 fid bid
           0.0000000000000000e+00   1.5115000000000001e+02  -4.0000000000000000e+01 #xyz tv0
           9.5670859999999996e-02   1.5113096988500001e+02  -4.0000000000000000e+01 #xyz tv1
           1.9134171999999999e-01   1.5046193976999999e+02  -3.9509622346376950e+01 #xyz tv2
           0.0000000000000000e+00   1.5180000000000001e+02  -4.0000000000000000e+01 -1 1191 #xyz tv3 fid bid
           0.0000000000000000e+00   1.5115000000000001e+02  -4.0000000000000000e+01 #xyz tv0
           3.8654920008915961e-01   1.4999224878171506e+02  -4.2412048511988161e+01 #xyz tv1
           9.5670859999999996e-02   1.5113096988500001e+02  -4.0000000000000000e+01 #xyz tv2
           0.0000000000000000e+00   1.5180000000000001e+02  -4.0000000000000000e+01 -1 1191 #xyz tv3 fid bid
           0.0000000000000000e+00   1.5180000000000001e+02  -4.0000000000000000e+01 #xyz tv0
           0.0000000000000000e+00   1.5115000000000001e+02  -4.0000000000000000e+01 #xyz tv1
           9.5670859999999996e-02   1.5113096988500001e+02  -4.0000000000000000e+01 1194 -1 #xyz tv2 fid bid
           0.0000000000000000e+00   1.5115000000000001e+02  -4.0000000000000000e+01 #xyz tv0
           0.0000000000000000e+00   1.5050000000000000e+02  -4.0000000000000000e+01 #xyz tv1
           9.5670859999999996e-02   1.5113096988500001e+02  -4.0000000000000000e+01 1194 -1 #xyz tv2 fid bid
           0.0000000000000000e+00   1.5115000000000001e+02  -4.0000000000000000e+01 #xyz ev0
           9.5670859999999996e-02   1.5113096988500001e+02  -4.0000000000000000e+01 -1 1191 #xyz ev1 fid bid
   0   0.000000000000e+00   0.000000000000e+00   0.000000000000e+00 #flag location
END_ERR 
BEGIN_ERR 
26 Small mesh segment detected on body : muscle
 Small mesh segment detected on body : muscle 
 Segment Statistics - Number of Segments : 1 --- Segment length(s) : 8.867762mm. The cutoff frequency for S-Matrix Only Solve is 1.199169832MHz 
2 -1  65  # nfids, fids[]
2 62  -1  # nbids, bids[]
      7 2 1 0 #ntets ntri ned npts
           1.0499943744754088e+00  -5.0000000000000000e+01  -3.2571867626651709e+01 #xyz tv0
          -7.1860489752373219e-03  -4.4955503972255386e+01  -3.4401476735962646e+01 #xyz tv1
           1.4140625000000684e-02  -5.0000000000000000e+01  -4.0000000000000000e+01 #xyz tv2
           6.8447333802243895e+00  -5.0000000000000000e+01  -3.4344896256090593e+01 -1 62 #xyz tv3 fid bid
           1.4140625000000684e-02  -5.0000000000000000e+01  -4.0000000000000000e+01 #xyz tv0
           6.8447333802243895e+00  -5.0000000000000000e+01  -3.4344896256090593e+01 #xyz tv1
           1.5960926747066531e+00  -6.1779830922119494e+01  -3.0423603173008829e+01 #xyz tv2
           1.0499943744754088e+00  -5.0000000000000000e+01  -3.2571867626651709e+01 -1 62 #xyz tv3 fid bid
           6.8447333802243895e+00  -5.0000000000000000e+01  -3.4344896256090593e+01 #xyz tv0
          -7.1860489752373219e-03  -4.4955503972255386e+01  -3.4401476735962646e+01 #xyz tv1
           1.4140625000000684e-02  -5.0000000000000000e+01  -4.0000000000000000e+01 #xyz tv2
           4.6351651462445620e+00  -4.3250395648280772e+01  -3.5937998002809458e+01 -1 62 #xyz tv3 fid bid
           1.4140625000000684e-02  -5.0000000000000000e+01  -4.0000000000000000e+01 #xyz tv0
           1.5960926747066531e+00  -6.1779830922119494e+01  -3.0423603173008829e+01 #xyz tv1
           6.8447333802243895e+00  -5.0000000000000000e+01  -3.4344896256090593e+01 #xyz tv2
           8.5023337853633123e+00  -6.4101511662779586e+01  -4.2743552774581318e+01 -1 62 #xyz tv3 fid bid
           6.8447333802243895e+00  -5.0000000000000000e+01  -3.4344896256090593e+01 #xyz tv0
           1.4140625000000684e-02  -5.0000000000000000e+01  -4.0000000000000000e+01 #xyz tv1
           4.8251574827136228e+00  -4.4869415898245904e+01  -4.0000000000000000e+01 #xyz tv2
           4.6351651462445620e+00  -4.3250395648280772e+01  -3.5937998002809458e+01 -1 62 #xyz tv3 fid bid
           8.5023337853633123e+00  -6.4101511662779586e+01  -4.2743552774581318e+01 #xyz tv0
           6.8447333802243895e+00  -5.0000000000000000e+01  -3.4344896256090593e+01 #xyz tv1
           1.4140625000000684e-02  -5.0000000000000000e+01  -4.0000000000000000e+01 #xyz tv2
           8.3522040271759046e+00  -5.0000000000000000e+01  -4.0000000000000000e+01 -1 62 #xyz tv3 fid bid
           6.8447333802243895e+00  -5.0000000000000000e+01  -3.4344896256090593e+01 #xyz tv0
           4.8251574827136228e+00  -4.4869415898245904e+01  -4.0000000000000000e+01 #xyz tv1
           1.4140625000000684e-02  -5.0000000000000000e+01  -4.0000000000000000e+01 #xyz tv2
           8.3522040271759046e+00  -5.0000000000000000e+01  -4.0000000000000000e+01 -1 62 #xyz tv3 fid bid
           8.3522040271759046e+00  -5.0000000000000000e+01  -4.0000000000000000e+01 #xyz tv0
           1.4140625000000684e-02  -5.0000000000000000e+01  -4.0000000000000000e+01 #xyz tv1
           6.8447333802243895e+00  -5.0000000000000000e+01  -3.4344896256090593e+01 65 -1 #xyz tv2 fid bid
           1.0499943744754088e+00  -5.0000000000000000e+01  -3.2571867626651709e+01 #xyz tv0
           6.8447333802243895e+00  -5.0000000000000000e+01  -3.4344896256090593e+01 #xyz tv1
           1.4140625000000684e-02  -5.0000000000000000e+01  -4.0000000000000000e+01 65 -1 #xyz tv2 fid bid
           1.4140625000000684e-02  -5.0000000000000000e+01  -4.0000000000000000e+01 #xyz ev0
           6.8447333802243895e+00  -5.0000000000000000e+01  -3.4344896256090593e+01 -1 62 #xyz ev1 fid bid
   0   0.000000000000e+00   0.000000000000e+00   0.000000000000e+00 #flag location
END_ERR 
G3dErrFileVersion 2018P3.1
FlagFileMetaData Begin
   Mesh Size - Setup1, Refinement, Pass #2, Freq. 2.450000e+09 :Title    
   Listing of mesh elements with small segments. :ToolTip  
   hf3d :Author   
   1666655256 :TimeStamp
FlagFileMetaData End
BEGIN_ERR 
26 Small mesh segment detected on body : Antena_diel_6
 Small mesh segment detected on body : Antena_diel_6 
 Segment Statistics - Number of Segments : 1 --- Segment length(s) : 0.131705mm. The cutoff frequency for S-Matrix Only Solve is 1.199169832MHz 
2 -1  1194  # nfids, fids[]
2 1191  -1  # nbids, bids[]
      6 2 1 0 #ntets ntri ned npts
          -4.6193977000000003e-01   1.4980865828000000e+02  -3.9354360678467799e+01 #xyz tv0
          -4.6193977000000003e-01   1.4980865828000000e+02  -4.0000000000000000e+01 #xyz tv1
          -9.2589699684931981e-01   1.4944577058696072e+02  -4.0000000000000000e+01 #xyz tv2
          -8.5876325115722674e-01   1.4933246030464971e+02  -4.0000000000000000e+01 -1 1191 #xyz tv3 fid bid
          -8.5876325115722674e-01   1.4933246030464971e+02  -4.0000000000000000e+01 #xyz tv0
          -9.2589699684931981e-01   1.4944577058696072e+02  -4.0000000000000000e+01 #xyz tv1
           3.3379914759592250e-01   1.5001620892451263e+02  -4.2068368978243242e+01 #xyz tv2
          -4.6193977000000003e-01   1.4980865828000000e+02  -4.0000000000000000e+01 -1 1191 #xyz tv3 fid bid
          -1.1309698850000003e+00   1.4990432914000002e+02  -3.9148738463002537e+01 #xyz tv0
          -8.5876325115722674e-01   1.4933246030464971e+02  -4.0000000000000000e+01 #xyz tv1
          -4.6193977000000003e-01   1.4980865828000000e+02  -3.9354360678467799e+01 #xyz tv2
          -9.2589699684931981e-01   1.4944577058696072e+02  -4.0000000000000000e+01 -1 1191 #xyz tv3 fid bid
          -8.5876325115722674e-01   1.4933246030464971e+02  -4.0000000000000000e+01 #xyz tv0
          -1.2050826796197946e+00   1.4929940703514859e+02  -4.0000000000000000e+01 #xyz tv1
           3.3379914759592250e-01   1.5001620892451263e+02  -4.2068368978243242e+01 #xyz tv2
          -9.2589699684931981e-01   1.4944577058696072e+02  -4.0000000000000000e+01 -1 1191 #xyz tv3 fid bid
          -1.1309698850000003e+00   1.4990432914000002e+02  -3.9148738463002537e+01 #xyz tv0
          -1.8000000000000007e+00   1.5000000000000000e+02  -3.8943116247537255e+01 #xyz tv1
          -8.5876325115722674e-01   1.4933246030464971e+02  -4.0000000000000000e+01 #xyz tv2
          -9.2589699684931981e-01   1.4944577058696072e+02  -4.0000000000000000e+01 -1 1191 #xyz tv3 fid bid
          -8.5876325115722674e-01   1.4933246030464971e+02  -4.0000000000000000e+01 #xyz tv0
          -1.8000000000000007e+00   1.5000000000000000e+02  -3.8943116247537255e+01 #xyz tv1
          -1.2050826796197946e+00   1.4929940703514859e+02  -4.0000000000000000e+01 #xyz tv2
          -9.2589699684931981e-01   1.4944577058696072e+02  -4.0000000000000000e+01 -1 1191 #xyz tv3 fid bid
          -8.5876325115722674e-01   1.4933246030464971e+02  -4.0000000000000000e+01 #xyz tv0
          -4.6193977000000003e-01   1.4980865828000000e+02  -4.0000000000000000e+01 #xyz tv1
          -9.2589699684931981e-01   1.4944577058696072e+02  -4.0000000000000000e+01 1194 -1 #xyz tv2 fid bid
          -1.2050826796197946e+00   1.4929940703514859e+02  -4.0000000000000000e+01 #xyz tv0
          -8.5876325115722674e-01   1.4933246030464971e+02  -4.0000000000000000e+01 #xyz tv1
          -9.2589699684931981e-01   1.4944577058696072e+02  -4.0000000000000000e+01 1194 -1 #xyz tv2 fid bid
          -9.2589699684931981e-01   1.4944577058696072e+02  -4.0000000000000000e+01 #xyz ev0
          -8.5876325115722674e-01   1.4933246030464971e+02  -4.0000000000000000e+01 -1 1191 #xyz ev1 fid bid
   0   0.000000000000e+00   0.000000000000e+00   0.000000000000e+00 #flag location
END_ERR 
BEGIN_ERR 
26 Small mesh segment detected on body : Antena_diel_6
 Small mesh segment detected on body : Antena_diel_6 
 Segment Statistics - Number of Segments : 1 --- Segment length(s) : 0.133045mm. The cutoff frequency for S-Matrix Only Solve is 1.199169832MHz 
3 -1  1182  1192  # nfids, fids[]
2 1191  -1  # nbids, bids[]
      6 4 1 0 #ntets ntri ned npts
           4.4008595000000006e-01   1.4893753853499999e+02  -3.4256519616570422e+01 #xyz tv0
           0.0000000000000000e+00   1.4885000000000002e+02  -3.3190774414363091e+01 #xyz tv1
           0.0000000000000000e+00   1.4950000000000000e+02  -3.3951992451547710e+01 #xyz tv2
           9.5670859999999996e-02   1.4951903011500002e+02  -3.3861517111066888e+01 -1 1191 #xyz tv3 fid bid
           0.0000000000000000e+00   1.4950000000000000e+02  -3.2754048828726191e+01 #xyz tv0
           0.0000000000000000e+00   1.4885000000000002e+02  -3.3190774414363091e+01 #xyz tv1
           9.5670859999999996e-02   1.4951903011500002e+02  -3.3861517111066888e+01 #xyz tv2
           0.0000000000000000e+00   1.4950000000000000e+02  -3.3951992451547710e+01 -1 1191 #xyz tv3 fid bid
           0.0000000000000000e+00   1.4950000000000000e+02  -3.3951992451547710e+01 #xyz tv0
           1.9134171999999999e-01   1.4953806023000001e+02  -3.4968980318517090e+01 #xyz tv1
           4.4008595000000006e-01   1.4893753853499999e+02  -3.4256519616570422e+01 #xyz tv2
           9.5670859999999996e-02   1.4951903011500002e+02  -3.3861517111066888e+01 -1 1191 #xyz tv3 fid bid
           0.0000000000000000e+00   1.4950000000000000e+02  -3.2754048828726191e+01 #xyz tv0
           9.5670859999999996e-02   1.4951903011500002e+02  -3.3861517111066888e+01 #xyz tv1
          -2.8056416483142898e-02   1.4995360500026555e+02  -3.2799548269333727e+01 #xyz tv2
           0.0000000000000000e+00   1.4950000000000000e+02  -3.3951992451547710e+01 -1 1191 #xyz tv3 fid bid
           1.9134171999999999e-01   1.4953806023000001e+02  -3.4968980318517090e+01 #xyz tv0
           0.0000000000000000e+00   1.4950000000000000e+02  -3.3951992451547710e+01 #xyz tv1
           1.9588735659844040e-02   1.4998018179057442e+02  -3.3848592346160437e+01 #xyz tv2
           9.5670859999999996e-02   1.4951903011500002e+02  -3.3861517111066888e+01 -1 1191 #xyz tv3 fid bid
          -2.8056416483142898e-02   1.4995360500026555e+02  -3.2799548269333727e+01 #xyz tv0
           9.5670859999999996e-02   1.4951903011500002e+02  -3.3861517111066888e+01 #xyz tv1
           1.9588735659844040e-02   1.4998018179057442e+02  -3.3848592346160437e+01 #xyz tv2
           0.0000000000000000e+00   1.4950000000000000e+02  -3.3951992451547710e+01 -1 1191 #xyz tv3 fid bid
           9.5670859999999996e-02   1.4951903011500002e+02  -3.3861517111066888e+01 #xyz tv0
           0.0000000000000000e+00   1.4950000000000000e+02  -3.2754048828726191e+01 #xyz tv1
           0.0000000000000000e+00   1.4950000000000000e+02  -3.3951992451547710e+01 1182 -1 #xyz tv2 fid bid
           9.5670859999999996e-02   1.4951903011500002e+02  -3.3861517111066888e+01 #xyz tv0
           0.0000000000000000e+00   1.4950000000000000e+02  -3.2754048828726191e+01 #xyz tv1
           0.0000000000000000e+00   1.4950000000000000e+02  -3.3951992451547710e+01 1192 -1 #xyz tv2 fid bid
           0.0000000000000000e+00   1.4950000000000000e+02  -3.3951992451547710e+01 #xyz tv0
           1.9134171999999999e-01   1.4953806023000001e+02  -3.4968980318517090e+01 #xyz tv1
           9.5670859999999996e-02   1.4951903011500002e+02  -3.3861517111066888e+01 1182 -1 #xyz tv2 fid bid
           0.0000000000000000e+00   1.4950000000000000e+02  -3.3951992451547710e+01 #xyz tv0
           1.9134171999999999e-01   1.4953806023000001e+02  -3.4968980318517090e+01 #xyz tv1
           9.5670859999999996e-02   1.4951903011500002e+02  -3.3861517111066888e+01 1192 -1 #xyz tv2 fid bid
           0.0000000000000000e+00   1.4950000000000000e+02  -3.3951992451547710e+01 #xyz ev0
           9.5670859999999996e-02   1.4951903011500002e+02  -3.3861517111066888e+01 -1 1191 #xyz ev1 fid bid
   0   0.000000000000e+00   0.000000000000e+00   0.000000000000e+00 #flag location
END_ERR 
BEGIN_ERR 
26 Small mesh segment detected on body : Antena_diel_6
 Small mesh segment detected on body : Antena_diel_6 
 Segment Statistics - Number of Segments : 1 --- Segment length(s) : 0.133046mm. The cutoff frequency for S-Matrix Only Solve is 1.199169832MHz 
3 -1  1182  1192  # nfids, fids[]
2 1191  -1  # nbids, bids[]
      6 4 1 0 #ntets ntri ned npts
           0.0000000000000000e+00   1.4885000000000002e+02  -3.3190774414363091e+01 #xyz tv0
           4.4008595000000006e-01   1.4893753853499999e+02  -3.4256519616570422e+01 #xyz tv1
           1.9134171999999999e-01   1.4953806023000001e+02  -3.3771039233140826e+01 #xyz tv2
           9.5670859999999996e-02   1.4951903011500002e+02  -3.3861517111066888e+01 -1 1191 #xyz tv3 fid bid
           4.4008595000000006e-01   1.4893753853499999e+02  -3.4256519616570422e+01 #xyz tv0
           9.5670859999999996e-02   1.4951903011500002e+02  -3.3861517111066888e+01 #xyz tv1
           1.9134171999999999e-01   1.4953806023000001e+02  -3.4968980318517090e+01 #xyz tv2
           1.9134171999999999e-01   1.4953806023000001e+02  -3.3771039233140826e+01 -1 1191 #xyz tv3 fid bid
           9.5670859999999996e-02   1.4951903011500002e+02  -3.3861517111066888e+01 #xyz tv0
           0.0000000000000000e+00   1.4885000000000002e+02  -3.3190774414363091e+01 #xyz tv1
           0.0000000000000000e+00   1.4950000000000000e+02  -3.2754048828726191e+01 #xyz tv2
           1.9134171999999999e-01   1.4953806023000001e+02  -3.3771039233140826e+01 -1 1191 #xyz tv3 fid bid
           1.9134171999999999e-01   1.4953806023000001e+02  -3.3771039233140826e+01 #xyz tv0
           1.9588735659844040e-02   1.4998018179057442e+02  -3.3848592346160437e+01 #xyz tv1
           9.5670859999999996e-02   1.4951903011500002e+02  -3.3861517111066888e+01 #xyz tv2
           1.9134171999999999e-01   1.4953806023000001e+02  -3.4968980318517090e+01 -1 1191 #xyz tv3 fid bid
           1.9134171999999999e-01   1.4953806023000001e+02  -3.3771039233140826e+01 #xyz tv0
          -2.8056416483142898e-02   1.4995360500026555e+02  -3.2799548269333727e+01 #xyz tv1
           0.0000000000000000e+00   1.4950000000000000e+02  -3.2754048828726191e+01 #xyz tv2
           9.5670859999999996e-02   1.4951903011500002e+02  -3.3861517111066888e+01 -1 1191 #xyz tv3 fid bid
           1.9134171999999999e-01   1.4953806023000001e+02  -3.3771039233140826e+01 #xyz tv0
           1.9588735659844040e-02   1.4998018179057442e+02  -3.3848592346160437e+01 #xyz tv1
          -2.8056416483142898e-02   1.4995360500026555e+02  -3.2799548269333727e+01 #xyz tv2
           9.5670859999999996e-02   1.4951903011500002e+02  -3.3861517111066888e+01 -1 1191 #xyz tv3 fid bid
           1.9134171999999999e-01   1.4953806023000001e+02  -3.4968980318517090e+01 #xyz tv0
           1.9134171999999999e-01   1.4953806023000001e+02  -3.3771039233140826e+01 #xyz tv1
           9.5670859999999996e-02   1.4951903011500002e+02  -3.3861517111066888e+01 1182 -1 #xyz tv2 fid bid
           1.9134171999999999e-01   1.4953806023000001e+02  -3.4968980318517090e+01 #xyz tv0
           1.9134171999999999e-01   1.4953806023000001e+02  -3.3771039233140826e+01 #xyz tv1
           9.5670859999999996e-02   1.4951903011500002e+02  -3.3861517111066888e+01 1192 -1 #xyz tv2 fid bid
           1.9134171999999999e-01   1.4953806023000001e+02  -3.3771039233140826e+01 #xyz tv0
           0.0000000000000000e+00   1.4950000000000000e+02  -3.2754048828726191e+01 #xyz tv1
           9.5670859999999996e-02   1.4951903011500002e+02  -3.3861517111066888e+01 1182 -1 #xyz tv2 fid bid
           1.9134171999999999e-01   1.4953806023000001e+02  -3.3771039233140826e+01 #xyz tv0
           0.0000000000000000e+00   1.4950000000000000e+02  -3.2754048828726191e+01 #xyz tv1
           9.5670859999999996e-02   1.4951903011500002e+02  -3.3861517111066888e+01 1192 -1 #xyz tv2 fid bid
           1.9134171999999999e-01   1.4953806023000001e+02  -3.3771039233140826e+01 #xyz ev0
           9.5670859999999996e-02   1.4951903011500002e+02  -3.3861517111066888e+01 -1 1191 #xyz ev1 fid bid
   0   0.000000000000e+00   0.000000000000e+00   0.000000000000e+00 #flag location
END_ERR 
BEGIN_ERR 
26 Small mesh segment detected on body : Antena_diel_6
 Small mesh segment detected on body : Antena_diel_6 
 Segment Statistics - Number of Segments : 1 --- Segment length(s) : 0.142727mm. The cutoff frequency for S-Matrix Only Solve is 1.199169832MHz 
2 -1  1194  # nfids, fids[]
2 1191  -1  # nbids, bids[]
      5 2 1 0 #ntets ntri ned npts
           8.5284477324974284e-01   1.5084178095414998e+02  -4.0000000000000000e+01 #xyz tv0
           9.2767110773148143e-01   1.5072024091199077e+02  -4.0000000000000000e+01 #xyz tv1
           3.5355339000000002e-01   1.5035355339000000e+02  -3.9079073920050007e+01 #xyz tv2
           7.7182293267533841e-01   1.5076032435075359e+02  -3.9162524671705377e+01 -1 1191 #xyz tv3 fid bid
           8.4849034624999997e-01   1.5055451367875000e+02  -4.0000000000000000e+01 #xyz tv0
           3.5355339000000002e-01   1.5035355339000000e+02  -3.9079073920050007e+01 #xyz tv1
           8.5284477324974284e-01   1.5084178095414998e+02  -4.0000000000000000e+01 #xyz tv2
           9.2767110773148143e-01   1.5072024091199077e+02  -4.0000000000000000e+01 -1 1191 #xyz tv3 fid bid
           1.1975250625000000e+00   1.5077809808500001e+02  -4.0000000000000000e+01 #xyz tv0
           9.2767110773148143e-01   1.5072024091199077e+02  -4.0000000000000000e+01 #xyz tv1
           8.5284477324974284e-01   1.5084178095414998e+02  -4.0000000000000000e+01 #xyz tv2
           7.7182293267533841e-01   1.5076032435075359e+02  -3.9162524671705377e+01 -1 1191 #xyz tv3 fid bid
           8.4849034624999997e-01   1.5055451367875000e+02  -4.0000000000000000e+01 #xyz tv0
           8.5284477324974284e-01   1.5084178095414998e+02  -4.0000000000000000e+01 #xyz tv1
           3.3379914759592250e-01   1.5001620892451263e+02  -4.2068368978243242e+01 #xyz tv2
           9.2767110773148143e-01   1.5072024091199077e+02  -4.0000000000000000e+01 -1 1191 #xyz tv3 fid bid
           1.1975250625000000e+00   1.5077809808500001e+02  -4.0000000000000000e+01 #xyz tv0
           3.3379914759592250e-01   1.5001620892451263e+02  -4.2068368978243242e+01 #xyz tv1
           8.5284477324974284e-01   1.5084178095414998e+02  -4.0000000000000000e+01 #xyz tv2
           9.2767110773148143e-01   1.5072024091199077e+02  -4.0000000000000000e+01 -1 1191 #xyz tv3 fid bid
           1.1975250625000000e+00   1.5077809808500001e+02  -4.0000000000000000e+01 #xyz tv0
           8.5284477324974284e-01   1.5084178095414998e+02  -4.0000000000000000e+01 #xyz tv1
           9.2767110773148143e-01   1.5072024091199077e+02  -4.0000000000000000e+01 1194 -1 #xyz tv2 fid bid
           8.5284477324974284e-01   1.5084178095414998e+02  -4.0000000000000000e+01 #xyz tv0
           8.4849034624999997e-01   1.5055451367875000e+02  -4.0000000000000000e+01 #xyz tv1
           9.2767110773148143e-01   1.5072024091199077e+02  -4.0000000000000000e+01 1194 -1 #xyz tv2 fid bid
           8.5284477324974284e-01   1.5084178095414998e+02  -4.0000000000000000e+01 #xyz ev0
           9.2767110773148143e-01   1.5072024091199077e+02  -4.0000000000000000e+01 -1 1191 #xyz ev1 fid bid
   0   0.000000000000e+00   0.000000000000e+00   0.000000000000e+00 #flag location
END_ERR 
BEGIN_ERR 
26 Small mesh segment detected on body : Antena_wire
 Small mesh segment detected on body : Antena_wire 
 Segment Statistics - Number of Segments : 1 --- Segment length(s) : 0.151127mm. The cutoff frequency for S-Matrix Only Solve is 1.199169832MHz 
3 -1  1133  128  # nfids, fids[]
2 127  -1  # nbids, bids[]
      5 4 1 0 #ntets ntri ned npts
           2.7244755500000001e-01  -4.0774658000000003e-01  -1.3274331660590494e+01 #xyz tv0
           3.5355339000000002e-01  -3.5355339000000002e-01  -1.3158901120771917e+01 #xyz tv1
          -4.6193977000000003e-01   1.9134171999999999e-01  -1.4289999999999994e+01 #xyz tv2
           3.5355339000000002e-01  -3.5355339000000002e-01  -1.4380269137214484e+01 -1 127 #xyz tv3 fid bid
           2.7244755500000001e-01  -4.0774658000000003e-01  -1.3274331660590494e+01 #xyz tv0
          -4.6193977000000003e-01   1.9134171999999999e-01  -1.4289999999999994e+01 #xyz tv1
           3.5355339000000002e-01  -3.5355339000000002e-01  -1.3158901120771917e+01 #xyz tv2
           1.9134171999999999e-01  -4.6193977000000003e-01  -1.2168394183966507e+01 -1 127 #xyz tv3 fid bid
           2.7244755500000001e-01  -4.0774658000000003e-01  -1.3274331660590494e+01 #xyz tv0
           6.6721246963731851e-01  -6.8722191626052598e-01  -1.4293696466334781e+01 #xyz tv1
           3.5355339000000002e-01  -3.5355339000000002e-01  -1.3158901120771917e+01 #xyz tv2
           3.5355339000000002e-01  -3.5355339000000002e-01  -1.4380269137214484e+01 -1 127 #xyz tv3 fid bid
           2.7244755500000001e-01  -4.0774658000000003e-01  -1.3274331660590494e+01 #xyz tv0
           3.5355339000000002e-01  -3.5355339000000002e-01  -1.3158901120771917e+01 #xyz tv1
           6.2167557338707558e-01  -8.0483686481661754e-01  -1.3279569743245540e+01 #xyz tv2
           1.9134171999999999e-01  -4.6193977000000003e-01  -1.2168394183966507e+01 -1 127 #xyz tv3 fid bid
           2.7244755500000001e-01  -4.0774658000000003e-01  -1.3274331660590494e+01 #xyz tv0
           6.2167557338707558e-01  -8.0483686481661754e-01  -1.3279569743245540e+01 #xyz tv1
           3.5355339000000002e-01  -3.5355339000000002e-01  -1.3158901120771917e+01 #xyz tv2
           6.6721246963731851e-01  -6.8722191626052598e-01  -1.4293696466334781e+01 -1 127 #xyz tv3 fid bid
           3.5355339000000002e-01  -3.5355339000000002e-01  -1.4380269137214484e+01 #xyz tv0
           2.7244755500000001e-01  -4.0774658000000003e-01  -1.3274331660590494e+01 #xyz tv1
           3.5355339000000002e-01  -3.5355339000000002e-01  -1.3158901120771917e+01 1133 -1 #xyz tv2 fid bid
           3.5355339000000002e-01  -3.5355339000000002e-01  -1.4380269137214484e+01 #xyz tv0
           2.7244755500000001e-01  -4.0774658000000003e-01  -1.3274331660590494e+01 #xyz tv1
           3.5355339000000002e-01  -3.5355339000000002e-01  -1.3158901120771917e+01 128 -1 #xyz tv2 fid bid
           2.7244755500000001e-01  -4.0774658000000003e-01  -1.3274331660590494e+01 #xyz tv0
           1.9134171999999999e-01  -4.6193977000000003e-01  -1.2168394183966507e+01 #xyz tv1
           3.5355339000000002e-01  -3.5355339000000002e-01  -1.3158901120771917e+01 1133 -1 #xyz tv2 fid bid
           2.7244755500000001e-01  -4.0774658000000003e-01  -1.3274331660590494e+01 #xyz tv0
           1.9134171999999999e-01  -4.6193977000000003e-01  -1.2168394183966507e+01 #xyz tv1
           3.5355339000000002e-01  -3.5355339000000002e-01  -1.3158901120771917e+01 128 -1 #xyz tv2 fid bid
           2.7244755500000001e-01  -4.0774658000000003e-01  -1.3274331660590494e+01 #xyz ev0
           3.5355339000000002e-01  -3.5355339000000002e-01  -1.3158901120771917e+01 -1 127 #xyz ev1 fid bid
   0   0.000000000000e+00   0.000000000000e+00   0.000000000000e+00 #flag location
